8.14953
7.85467
7.63711
7.24576
7.07625
7.00926
6.81844
6.72924
6.72306
6.58416
6.48946
6.3849
6.36474
6.36213
6.33711
6.3252
6.32381
6.29639
6.25683
6.23377
6.09905
5.96674
5.96626
5.95914
5.93661
5.93275
5.8992
5.84761
5.78962
5.74549
5.69994
5.6904
5.62905
5.58841
5.56347
5.55969
5.53508
5.45948
5.45769
5.43861
5.38889
5.37009
5.35361
5.27235
5.25277
5.24003
5.21879
5.13503
5.10857
5.10267
5.0998
5.08207
5.07138
5.04737
5.03265
4.98356
4.96717
4.94522
4.89627
4.82784
4.79695
4.79126
4.77219
4.74651
4.74503
4.72446
4.71357
4.70391
4.70306
4.69503
4.6898
4.67024
4.59773
4.5972
4.58865
4.55947
4.54983
4.54568
4.52911
4.50565
4.50218
4.48579
4.48234
4.47654
4.47252
4.46541
4.46202
4.44468
4.43478
4.42012
4.42007
4.41492
4.41224
4.39509
4.38964
4.37409
4.32998
4.32875
4.32588
4.3202
4.316
4.29457
4.28313
4.28266
4.2768
4.27253
4.26233
4.25735
4.25305
4.247
4.24282
4.21677
4.21154
4.19942
4.18765
4.17141
4.1684
4.16757
4.16684
4.16501
4.15958
4.15651
4.14952
4.13713
4.13645
4.13568
4.08311
4.06365
4.06062
4.0579
4.05642
4.05552
4.04174
4.04074
4.03253
4.0187
3.99723
3.98612
3.98558
3.98401
3.96879
3.95942
3.94234
3.94229
3.93039
3.92505
3.9169
3.91526
3.9145
3.90807
3.8951
3.89066
3.88219
3.8787
3.87709
3.85039
3.83459
3.8113
3.80815
3.8073
3.80587
3.79928
3.77852
3.77083
3.7635
3.75708
3.72627
3.72419
3.72409
3.71296
3.70845
3.70814
3.70123
3.69065
3.67376
3.66363
3.64233
3.64035
3.63285
3.6302
3.61594
3.61239
3.60909
3.60748
3.59592
3.5917
3.58506
3.58051
3.57233
3.5719
3.56122
3.55272
3.53417
3.52999
3.52978
3.52426
3.51979
3.49541
3.48311
3.4723
3.46599
3.46594
3.46202
3.46044
3.44497
3.44495
3.44204
3.44083
3.43472
3.43297
3.40178
3.39775
3.39064
3.38305
3.37233
3.37097
3.36042
3.35769
3.34636
3.34171
3.34144
3.32806
3.3198
3.31336
3.31123
3.3043
3.29399
3.28744
3.28728
3.23735
3.23727
3.22177
3.20614
3.20602
3.19707
3.18284
3.17816
3.17602
3.17598
3.17344
3.17334
3.16351
3.14769
3.13784
3.13411
3.12679
3.12585
3.12422
3.12252
3.10013
3.08799
3.08713
3.08702
3.08125
3.06843
3.05604
3.04364
3.04224
3.04027
3.03343
3.03003
3.02292
3.02069
3.00952
3.00358
3.00006
2.98391
2.98222
2.97994
2.97529
2.97193
2.96382
2.9637
2.93069
2.92684
2.9265
2.91516
2.91474
2.91406
2.90652
2.89842
2.89483
2.88796
2.87233
2.866
2.8561
2.84934
2.82676
2.82538
2.82403
2.82372
2.81869
2.80278
2.80066
2.80061
2.79936
2.79241
2.77213
2.76947
2.76546
2.75815
2.75649
2.74623
2.74293
2.74076
2.74031
2.73024
2.72863
2.71485
2.71124
2.70909
2.69844
2.69685
2.69567
2.68499
2.68197
2.67286
2.66982
2.66432
2.6641
2.6568
2.65368
2.65106
2.64945
2.64302
2.63417
2.6327
2.63249
2.6321
2.6293
2.62136
2.62051
2.61453
2.61366
2.60655
2.59229
2.5884
2.5878
2.58711
2.58405
2.58195
2.58127
2.57969
2.57568
2.57439
2.57135
2.56902
2.56415
2.56357
2.56196
2.56194
2.55739
2.55689
2.5529
2.54874
2.54283
2.53109
2.5306
2.51803
2.51188
2.51163
2.50127
2.50026
2.49836
2.4978
2.49475
2.49351
2.48543
2.4845
2.4791
2.47747
2.47697
2.47579
2.47296
2.47159
2.46109
2.45907
2.45905
2.45766
2.45544
2.44718
2.44006
2.43847
2.43335
2.42952
2.42841
2.42437
2.4157
2.41316
2.40719
2.40574
2.40003
2.3987
2.39471
2.394
2.38253
2.38064
2.37908
2.37259
2.37127
2.36314
2.36024
2.35755
2.35119
2.34901
2.34308
2.34174
2.33946
2.33851
2.33636
2.33241
2.33172
2.33134
2.32729
2.322
2.32165
2.31058
2.30709
2.3062
2.30511
2.30366
2.297
2.28991
2.28621
2.2859
2.28253
2.27551
2.2648
2.26335
2.26123
2.25834
2.2568
2.2523
2.24926
2.24444
2.2444
2.24167
2.23894
2.23766
2.23229
2.23105
2.23087
2.22473
2.22385
2.22313
2.2147
2.21175
2.20715
2.20598
2.20104
2.20041
2.19838
2.19616
2.19351
2.19049
2.18804
2.18595
2.18094
2.1808
2.18018
2.17828
2.17579
2.1747
2.1745
2.17253
2.16986
2.16894
2.16674
2.16652
2.16237
2.16014
2.15364
2.15084
2.14645
2.14396
2.14041
2.13942
2.13896
2.13848
2.13811
2.13277
2.1256
2.12285
2.12165
2.11812
2.1164
2.11559
2.11056
2.1058
2.10338
2.10024
2.09701
2.09588
2.09425
2.09384
2.09178
2.08917
2.0886
2.08578
2.08224
2.07845
2.07798
2.07371
2.07125
2.07069
2.06643
2.06633
2.0635
2.06003
2.05825
2.05605
2.05502
2.05334
2.05052
2.04854
2.04849
2.04573
2.04523
2.04476
2.04451
2.04153
2.03781
2.02756
2.02415
2.02358
2.02275
2.01723
2.01582
2.01518
2.01441
2.01314
2.00862
2.00587
2.00524
2.00208
2.00046
1.99977
1.99154
1.98834
1.9866
1.98357
1.9818
1.97245
1.96973
1.96355
1.96294
1.9607
1.95801
1.95372
1.94975
1.94631
1.94314
1.94209
1.94074
1.93343
1.92881
1.92234
1.92029
1.92018
1.91992
1.91942
1.91926
1.9183
1.91413
1.91207
1.91162
1.9111
1.90894
1.90788
1.90713
1.90165
1.90108
1.89722
1.88375
1.87967
1.87853
1.87663
1.87352
1.86957
1.86631
1.86593
1.86496
1.86314
1.85697
1.85588
1.85025
1.84908
1.84716
1.83819
1.83572
1.83269
1.82922
1.82881
1.82838
1.82794
1.81849
1.81305
1.80462
1.80228
1.80226
1.80185
1.80175
1.80078
1.80037
1.79842
1.79769e+308
1.79769e+308
1.79769e+308
1.79769e+308
1.79769e+308
1.79769e+308
1.79769e+308
1.79769e+308
1.79769e+308
1.79769e+308
1.79769e+308
1.79769e+308
1.79769e+308
1.79769e+308
1.79769e+308
1.79769e+308
1.79769e+308
1.79769e+308
1.79769e+308
1.79769e+308
1.79769e+308
1.79769e+308
1.79769e+308
1.79769e+308
1.79769e+308
1.79769e+308
1.79769e+308
1.79769e+308
1.79769e+308
1.79769e+308
1.79769e+308
1.79769e+308
1.79769e+308
1.79769e+308
1.79769e+308
1.79769e+308
1.79769e+308
1.79769e+308
1.79769e+308
1.79769e+308
1.79769e+308
1.79769e+308
1.79769e+308
1.79769e+308
1.79769e+308
1.79769e+308
1.79769e+308
1.79769e+308
1.79769e+308
1.79769e+308
1.79769e+308
1.79769e+308
1.79769e+308
1.79769e+308
1.79769e+308
1.79769e+308
1.79769e+308
1.79769e+308
1.79769e+308
1.79769e+308
1.79769e+308
1.79769e+308
1.79769e+308
1.79769e+308
1.79769e+308
1.79769e+308
1.79769e+308
1.79769e+308
1.79769e+308
1.79769e+308
1.79769e+308
1.79769e+308
1.79769e+308
1.79769e+308
1.79769e+308
1.79769e+308
1.79769e+308
1.79769e+308
1.79769e+308
1.79769e+308
1.79769e+308
1.79769e+308
1.79769e+308
1.79769e+308
1.79769e+308
1.79769e+308
1.79769e+308
1.79769e+308
1.79769e+308
1.79769e+308
1.79769e+308
1.79769e+308
1.79769e+308
1.79769e+308
1.79769e+308
1.79769e+308
1.79769e+308
1.79769e+308
1.79769e+308
1.79769e+308
1.79769e+308
1.79769e+308
1.79769e+308
1.79769e+308
1.79769e+308
1.79769e+308
1.79769e+308
1.79769e+308
1.79769e+308
1.79769e+308
1.79769e+308
1.79769e+308
1.79769e+308
1.79769e+308
1.79769e+308
1.79769e+308
1.79769e+308
1.79769e+308
1.79769e+308
1.79769e+308
1.79769e+308
1.79769e+308
1.79769e+308
1.79769e+308
1.79769e+308
1.79769e+308
1.79769e+308
1.79769e+308
1.79769e+308
1.79769e+308
1.79769e+308
1.79769e+308
1.79769e+308
1.79769e+308
1.79769e+308
1.79769e+308
1.79769e+308
1.79769e+308
1.79769e+308
1.79769e+308
1.79769e+308
1.79769e+308
1.79769e+308
1.79769e+308
1.79769e+308
1.79769e+308
1.79769e+308
1.79769e+308
1.79769e+308
1.79769e+308
1.79769e+308
1.79769e+308
1.79769e+308
1.79769e+308
1.79769e+308
1.79769e+308
1.79769e+308
1.79769e+308
1.79769e+308
1.79769e+308
1.79769e+308
1.79769e+308
1.79769e+308
1.79769e+308
1.79769e+308
1.79769e+308
1.79769e+308
1.79769e+308
1.79769e+308
1.79769e+308
1.79769e+308
1.79769e+308
1.79769e+308
1.79769e+308
1.79769e+308
1.79769e+308
1.79769e+308
1.79769e+308
1.79769e+308
1.79769e+308
1.79769e+308
1.79769e+308
1.79769e+308
1.79769e+308
1.79769e+308
1.79769e+308
1.79769e+308
1.79769e+308
1.79769e+308
1.79769e+308
1.79769e+308
1.79769e+308
1.79769e+308
1.79769e+308
1.79769e+308
1.79769e+308
1.79769e+308
1.79769e+308
1.79769e+308
1.79769e+308
1.79769e+308
1.79769e+308
1.79769e+308
1.79769e+308
1.79769e+308
1.79769e+308
1.79769e+308
1.79769e+308
1.79769e+308
1.79769e+308
1.79769e+308
1.79769e+308
1.79769e+308
1.79769e+308
1.79769e+308
1.79769e+308
1.79769e+308
1.79769e+308
1.79769e+308
1.79769e+308
1.79769e+308
1.79769e+308
1.79769e+308
1.79769e+308
1.79769e+308
1.79769e+308
1.79769e+308
1.79769e+308
1.79769e+308
1.79769e+308
1.79769e+308
1.79769e+308
1.79769e+308
1.79769e+308
1.79769e+308
1.79769e+308
1.79769e+308
1.79769e+308
1.79769e+308
1.79769e+308
1.79769e+308
1.79769e+308
1.79769e+308
1.79769e+308
1.79769e+308
1.79769e+308
1.79769e+308
1.79769e+308
1.79769e+308
1.79769e+308
1.79769e+308
1.79769e+308
1.79769e+308
1.79769e+308
1.79769e+308
1.79769e+308
1.79769e+308
1.79769e+308
1.79769e+308
1.79769e+308
1.79769e+308
1.79769e+308
1.79769e+308
1.79769e+308
1.79769e+308
1.79769e+308
1.79769e+308
1.79769e+308
1.79769e+308
1.79769e+308
1.79769e+308
1.79769e+308
1.79769e+308
1.79769e+308
1.79769e+308
1.79769e+308
1.79769e+308
1.79769e+308
1.79769e+308
1.79769e+308
1.79769e+308
1.79769e+308
1.79769e+308
1.79769e+308
1.79769e+308
1.79769e+308
1.79769e+308
1.79769e+308
1.79769e+308
1.79769e+308
1.79769e+308
1.79769e+308
1.79769e+308
1.79769e+308
1.79769e+308
1.79769e+308
1.79769e+308
1.79769e+308
1.79769e+308
1.79769e+308
1.79769e+308
1.79769e+308
1.79769e+308
1.79769e+308
1.79769e+308
1.79769e+308
1.79769e+308
1.79769e+308
1.79769e+308
1.79769e+308
1.79769e+308
1.79769e+308
1.79769e+308
1.79769e+308
1.79769e+308
1.79769e+308
1.79769e+308
1.79258
1.79135
1.78865
1.78649
1.77998
1.77988
1.77834
1.77594
1.77285
1.77258
1.76762
1.76743
1.7637
1.76271
1.76201
1.76066
1.75803
1.75618
1.75305
1.74949
1.74608
1.74586
1.74416
1.74367
1.73855
1.73568
1.73511
1.73217
1.73115
1.72735
1.7261
1.72321
1.71858
1.71575
1.71548
1.7132
1.71288
1.71238
1.71116
1.70795
1.70686
1.70617
1.70584
1.70298
1.70089
1.6998
1.69808
1.69589
1.69522
1.69394
1.69002
1.68561
1.68459
1.68091
1.67805
1.67784
1.67667
1.67227
1.6713
1.67086
1.67027
1.66885
1.66626
1.66408
1.65647
1.65624
1.65417
1.65255
1.6506
1.64995
1.64896
1.64733
1.64569
1.64354
1.64269
1.64055
1.63762
1.63541
1.6348
1.63473
1.63137
1.62994
1.62623
1.62361
1.62088
1.61761
1.61647
1.61299
1.61262
1.61243
1.60994
1.60843
1.60832
1.60751
1.60672
1.60488
1.60401
1.60369
1.60114
1.59998
1.59991
1.59948
1.59149
1.59136
1.58258
1.58199
1.58002
1.57542
1.57527
1.57472
1.57354
1.57232
1.57166
1.57148
1.56785
1.56742
1.56544
1.56436
1.56314
1.55925
1.55924
1.55785
1.55746
1.55696
1.55547
1.55413
1.55299
1.54714
1.54538
1.54496
1.54364
1.54294
1.54262
1.54211
1.54198
1.5419
1.5416
1.53962
1.53946
1.53668
1.5358
1.53474
1.53455
1.53432
1.53431
1.52786
1.52672
1.52659
1.52448
1.52355
1.52243
1.52134
1.52049
1.51825
1.51401
1.51338
1.51021
1.50943
1.50895
1.50889
1.50784
1.50544
1.49992
1.49991
1.49984
1.4996
1.49856
1.4985
1.49796
1.49672
1.49087
1.49087
1.48926
1.48494
1.47921
1.47857
1.47772
1.47559
1.47517
1.47335
1.47317
1.47301
1.47065
1.46981
1.46939
1.469
1.46894
1.46839
1.4664
1.46516
1.46158
1.46039
1.45954
1.45708
1.45689
1.45682
1.456
1.45426
1.45426
1.4537
1.45353
1.45336
1.45279
1.45217
1.45063
1.45062
1.44673
1.44436
1.44369
1.44251
1.44146
1.43607
1.43565
1.43528
1.43056
1.42849
1.42491
1.42313
1.41877
1.41784
1.41008
1.40917
1.40881
1.4087
1.40803
1.40787
1.40654
1.40568
1.40561
1.40417
1.40215
1.40151
1.40016
1.39969
1.39788
1.3977
1.3964
1.39448
1.39273
1.39272
1.39171
1.38987
1.38566
1.38353
1.38227
1.3814
1.37728
1.37726
1.37706
1.37664
1.3734
1.37107
1.36925
1.3687
1.36755
1.3621
1.36143
1.36063
1.35977
1.35552
1.35454
1.35444
1.35252
1.35195
1.35162
1.3512
1.3507
1.35018
1.34996
1.34859
1.34481
1.34368
1.34205
1.3408
1.34026
1.33913
1.33816
1.33461
1.33312
1.33102
1.33038
1.32941
1.329
1.32789
1.32608
1.32557
1.32314
1.32158
1.31957
1.3189
1.31561
1.31445
1.31347
1.31166
1.31158
1.31154
1.3082
1.30728
1.30531
1.30507
1.30494
1.30452
1.30273
1.30178
1.30065
1.30029
1.29938
1.29912
1.29828
1.29815
1.2976
1.29629
1.29593
1.29546
1.29401
1.29393
1.29354
1.29292
1.28729
1.28606
1.28554
1.28525
1.28458
1.28129
1.28129
1.28121
1.27965
1.27838
1.276
1.276
1.27587
1.27353
1.27278
1.27121
1.26811
1.26751
1.26693
1.26514
1.26508
1.26178
1.26103
1.26101
1.26021
1.25959
1.2592
1.25854
1.25667
1.25549
1.25529
1.2546
1.2541
1.25401
1.254
1.25265
1.24917
1.24912
1.24702
1.24646
1.24589
1.24506
1.2437
1.24293
1.24279
1.24222
1.24062
1.24051
1.24014
1.23849
1.23605
1.23534
1.23501
1.23149
1.22985
1.22873
1.22765
1.22419
1.22335
1.22109
1.22105
1.22092
1.22028
1.2185
1.21731
1.2168
1.21666
1.21629
1.21541
1.21533
1.21118
1.21114
1.21098
1.21065
1.20981
1.20901
1.2085
1.20754
1.20644
1.20643
1.20636
1.20607
1.20526
1.20491
1.20424
1.20385
1.20224
1.20169
1.20074
1.19966
1.19875
1.19641
1.19631
1.19588
1.19564
1.19543
1.19383
1.19362
1.19168
1.19123
1.19022
1.19012
1.19003
1.18991
1.18838
1.18169
1.18156
1.18115
1.18057
1.17986
1.17939
1.17677
1.17556
1.17408
1.17392
1.17317
1.17163
1.1707
1.17041
1.17003
1.16864
1.16794
1.1665
1.16188
1.16158
1.16155
1.16073
1.15706
1.15637
1.15586
1.1553
1.15484
1.15362
1.15112
1.15011
1.14873
1.14762
1.14692
1.14552
1.14535
1.145
1.14496
1.14402
1.14275
1.14274
1.1426
1.1423
1.14136
1.14092
1.13948
1.13896
1.13871
1.13871
1.13774
1.13536
1.13437
1.13251
1.13097
1.13087
1.13084
1.12999
1.12892
1.12789
1.12698
1.12624
1.12623
1.12621
1.12385
1.12377
1.1227
1.1208
1.11891
1.11873
1.11708
1.11687
1.11526
1.11445
1.11443
1.11362
1.11302
1.11154
1.11145
1.10925
1.10855
1.10677
1.10318
1.10203
1.10169
1.10107
1.10098
1.10072
1.09958
1.09905
1.0968
1.09644
1.0956
1.09554
1.09467
1.09445
1.09135
1.08892
1.08809
1.08746
1.08648
1.08614
1.08542
1.08533
1.08509
1.08499
1.08427
1.08236
1.08234
1.08102
1.08082
1.08046
1.07917
1.07833
1.07831
1.07827
1.07825
1.07639
1.07595
1.07569
1.07568
1.07567
1.0755
1.07545
1.07499
1.07347
1.07051
1.06954
1.0695
1.06855
1.06802
1.06738
1.06409
1.06403
1.06378
1.06335
1.06261
1.06108
1.06107
1.06076
1.06075
1.05916
1.0585
1.05798
1.05792
1.0573
1.05636
1.05472
1.05139
1.05057
1.04984
1.04934
1.04902
1.04702
1.04584
1.04529
1.04527
1.04453
1.04399
1.0424
1.0416
1.03825
1.03815
1.03784
1.03758
1.03367
1.03277
1.03205
1.03103
1.03021
1.02903
1.02671
1.02658
1.02557
1.02529
1.02446
1.02349
1.02142
1.02085
1.02042
1.0191
1.01877
1.01808
1.01738
1.01689
1.01586
1.01553
1.01369
1.0136
1.01197
1.01046
1.00964
1.0094
1.00838
1.00804
1.00773
1.00733
1.00623
1.00623
1.00552
1.00452
0.999309
0.998999
0.998113
0.997618
0.997258
0.996381
0.99565
0.993678
0.993426
0.992269
0.991652
0.991622
0.990822
0.990385
0.989417
0.989046
0.988506
0.988147
0.988143
0.987049
0.986647
0.986502
0.984522
0.984476
0.983292
0.982364
0.982331
0.980426
0.980164
0.980152
0.978366
0.977779
0.977064
0.976941
0.975734
0.975567
0.975551
0.975317
0.975269
0.975227
0.975097
0.975065
0.974093
0.973572
0.973415
0.973167
0.971212
0.969923
0.969327
0.968985
0.968795
0.967075
0.966476
0.966005
0.965404
0.964459
0.964092
0.963365
0.963181
0.962752
0.961954
0.961756
0.960516
0.959381
0.959378
0.958236
0.958052
0.957752
0.957407
0.957276
0.955701
0.955353
0.955327
0.955265
0.954387
0.95253
0.952348
0.950441
0.949199
0.948418
0.94841
0.94828
0.948255
0.947326
0.947074
0.946797
0.94376
0.943242
0.94257
0.942345
0.94184
0.941639
0.9412
0.939902
0.938933
0.938879
0.938723
0.937796
0.936987
0.935275
0.935212
0.934145
0.93402
0.933844
0.933286
0.930432
0.928697
0.928533
0.928488
0.92847
0.928176
0.925664
0.925479
0.92491
0.924629
0.924493
0.923393
0.923187
0.92302
0.922364
0.921947
0.921597
0.919237
0.91882
0.917202
0.917145
0.916474
0.916374
0.916165
0.914009
0.913365
0.913358
0.912788
0.911714
0.911622
0.911112
0.910942
0.908262
0.907351
0.906365
0.906028
0.905349
0.905311
0.905044
0.90277
0.902215
0.900231
0.900003
0.898216
0.896754
0.896437
0.894275
0.893604
0.893482
0.893415
0.89183
0.891483
0.891009
0.890669
0.888239
0.887658
0.887208
0.886739
0.886706
0.886598
0.884713
0.883904
0.883822
0.882828
0.881779
0.880187
0.880175
0.880035
0.87991
0.87974
0.877882
0.876313
0.876072
0.875776
0.875325
0.875155
0.874218
0.874109
0.87275
0.872701
0.872548
0.871132
0.870754
0.867585
0.867485
0.867368
0.866324
0.86365
0.862678
0.861843
0.861317
0.860742
0.859686
0.857987
0.857507
0.856617
0.856356
0.854729
0.853235
0.851255
0.8511
0.85091
0.850091
0.849758
0.849611
0.84896
0.848667
0.848516
0.84758
0.846997
0.846796
0.846737
0.846339
0.845591
0.845512
0.845385
0.845046
0.843781
0.843758
0.842889
0.842778
0.842661
0.842316
0.841888
0.841451
0.84138
0.840904
0.840098
0.839455
0.838728
0.838643
0.838537
0.837565
0.837218
0.835955
0.8351
0.83496
0.834437
0.833626
0.833119
0.83158
0.83107
0.829771
0.828937
0.827669
0.827577
0.827367
0.827342
0.826125
0.826118
0.825787
0.825271
0.824602
0.824273
0.822473
0.822207
0.821962
0.819707
0.819623
0.819551
0.817406
0.815737
0.815574
0.814155
0.813345
0.813252
0.812495
0.812431
0.811898
0.811785
0.81156
0.809576
0.809103
0.809089
0.808147
0.807413
0.80677
0.805964
0.803818
0.803815
0.80309
0.80301
0.802821
0.802818
0.802611
0.802015
0.801988
0.801343
0.799351
0.799113
0.796594
0.796394
0.795839
0.795791
0.795168
0.795111
0.795028
0.794868
0.79477
0.793731
0.793661
0.793294
0.792985
0.79183
0.790552
0.78964
0.789065
0.788793
0.788698
0.788139
0.78793
0.787844
0.787773
0.787467
0.787194
0.786539
0.785598
0.785319
0.784885
0.784558
0.784466
0.783937
0.782952
0.781838
0.781409
0.781223
0.780726
0.780021
0.779345
0.77826
0.77751
0.775783
0.774524
0.772372
0.772156
0.771677
0.771133
0.770815
0.77075
0.770296
0.770254
0.77024
0.77002
0.769745
0.769698
0.769698
0.76791
0.76747
0.76697
0.766906
0.766721
0.766678
0.766112
0.765864
0.7654
0.764482
0.763781
0.763547
0.763028
0.762937
0.762455
0.76222
0.761711
0.761567
0.760677
0.760543
0.75962
0.75951
0.758346
0.757481
0.757273
0.757205
0.756445
0.756226
0.756147
0.754213
0.752625
0.752064
0.751978
0.751021
0.750682
0.750365
0.75022
0.747248
0.747125
0.746753
0.746395
0.746132
0.745832
0.745584
0.745226
0.744347
0.742746
0.741932
0.739697
0.738785
0.737145
0.737087
0.735752
0.735575
0.735568
0.735537
0.735151
0.734609
0.733366
0.732985
0.731433
0.731046
0.729405
0.728964
0.72894
0.728713
0.728574
0.72779
0.727171
0.725579
0.725031
0.725022
0.725011
0.724552
0.722989
0.722988
0.722812
0.72271
0.722699
0.722296
0.722221
0.721374
0.721012
0.720938
0.720179
0.719506
0.719498
0.719099
0.718357
0.718044
0.718008
0.717174
0.71656
0.716451
0.716305
0.715528
0.71549
0.715312
0.71522
0.715005
0.714482
0.713356
0.71209
0.711212
0.710402
0.710353
0.710173
0.710003
0.709414
0.709194
0.708973
0.708812
0.70875
0.706449
0.706422
0.706002
0.705922
0.704533
0.704295
0.703975
0.703917
0.703383
0.702469
0.701789
0.701492
0.700996
0.700819
0.700786
0.700131
0.699449
0.699429
0.697316
0.69655
0.69595
0.695719
0.695022
0.693306
0.693236
0.692438
0.692221
0.691683
0.691379
0.690856
0.690693
0.690246
0.690164
0.689821
0.689483
0.689472
0.688722
0.688252
0.688142
0.687343
0.687286
0.686951
0.686565
0.686284
0.686005
0.684884
0.684695
0.684055
0.683946
0.683656
0.682458
0.681512
0.681465
0.679894
0.679357
0.678538
0.678143
0.677715
0.677323
0.677236
0.676804
0.675642
0.675462
0.674743
0.674464
0.674335
0.674246
0.674182
0.673981
0.673768
0.67372
0.673146
0.673107
0.672979
0.672663
0.672663
0.672616
0.671665
0.6714
0.670822
0.670374
0.670042
0.668623
0.668127
0.668044
0.66755
0.667244
0.667029
0.666855
0.666568
0.666064
0.665993
0.665787
0.665752
0.663608
0.662756
0.662199
0.661389
0.661283
0.660965
0.660513
0.659993
0.659471
0.658688
0.658507
0.657877
0.657726
0.657656
0.657141
0.656802
0.656553
0.655736
0.653638
0.653582
0.653018
0.652644
0.652479
0.650901
0.649519
0.647767
0.647479
0.644341
0.643992
0.643785
0.643505
0.642359
0.642316
0.642205
0.641463
0.64138
0.639835
0.639323
0.639264
0.638824
0.637327
0.636424
0.636233
0.635663
0.635369
0.635344
0.635164
0.634649
0.63371
0.633253
0.633083
0.632397
0.632334
0.63215
0.631449
0.631333
0.630724
0.630434
0.627797
0.627591
0.627113
0.62659
0.625942
0.625857
0.625776
0.625546
0.625458
0.625428
0.624633
0.624579
0.624133
0.624114
0.623991
0.623658
0.623411
0.623295
0.622918
0.622331
0.620808
0.620681
0.62046
0.620441
0.61987
0.619857
0.619583
0.619011
0.618792
0.618612
0.618543
0.618403
0.61832
0.618294
0.618216
0.61741
0.616681
0.6162
0.616179
0.615451
0.615237
0.614549
0.614339
0.613813
0.613386
0.612694
0.612646
0.612548
0.612447
0.612182
0.611907
0.610797
0.609977
0.609698
0.609054
0.608622
0.608402
0.607705
0.607655
0.607655
0.60669
0.606541
0.605951
0.605412
0.605094
0.604707
0.60447
0.603236
0.603158
0.60234
0.601139
0.600737
0.599963
0.59827
0.598071
0.597916
0.597615
0.596972
0.596653
0.596434
0.595675
0.595209
0.594508
0.593881
0.593698
0.592674
0.592467
0.592324
0.591723
0.591275
0.590155
0.589596
0.589357
0.588143
0.587779
0.587438
0.587221
0.586697
0.586424
0.585761
0.585619
0.585541
0.58461
0.584592
0.58397
0.581597
0.580456
0.579867
0.57885
0.578771
0.57858
0.578395
0.578096
0.577563
0.576419
0.5761
0.575414
0.575192
0.575112
0.575044
0.574489
0.574467
0.573857
0.573203
0.572981
0.572838
0.572542
0.572361
0.572283
0.571705
0.570987
0.570737
0.570056
0.569871
0.569583
0.569531
0.56942
0.569389
0.569171
0.568194
0.568188
0.567824
0.566415
0.566306
0.566022
0.56535
0.565219
0.565012
0.564489
0.56356
0.563509
0.563294
0.562846
0.561571
0.561473
0.561398
0.560615
0.560279
0.560216
0.559643
0.558867
0.557935
0.557234
0.556814
0.555642
0.55537
0.554833
0.554535
0.554406
0.553398
0.552824
0.552229
0.552202
0.550605
0.550463
0.54922
0.548801
0.548586
0.548181
0.548155
0.547725
0.547601
0.547265
0.547139
0.546631
0.546434
0.545096
0.544886
0.544763
0.544557
0.544124
0.543666
0.543284
0.543255
0.543227
0.542831
0.542658
0.54247
0.542097
0.541336
0.541262
0.540947
0.540756
0.54057
0.540352
0.540339
0.53977
0.539271
0.53913
0.538758
0.538704
0.538613
0.538538
0.537486
0.536339
0.535289
0.533901
0.533843
0.533609
0.533578
0.533275
0.53309
0.532846
0.532559
0.532533
0.531584
0.531255
0.531023
0.530866
0.530745
0.530578
0.528825
0.528672
0.528194
0.528067
0.527967
0.527585
0.526458
0.526373
0.525883
0.52549
0.525252
0.524224
0.523784
0.523606
0.523059
0.522224
0.521958
0.5207
0.520193
0.519714
0.519461
0.519452
0.518741
0.518632
0.518577
0.518027
0.517812
0.517599
0.517414
0.517191
0.516495
0.516156
0.515176
0.514935
0.514441
0.513166
0.511533
0.511436
0.511175
0.510553
0.510325
0.509529
0.509515
0.508966
0.507261
0.507142
0.50709
0.505825
0.505191
0.504027
0.50368
0.502882
0.502366
0.501494
0.501479
0.50111
0.500659
0.500504
0.500367
0.500233
0.500153
0.500001
0.499137
0.499133
0.49905
0.498509
0.497995
0.497972
0.497819
0.497706
0.497597
0.497247
0.497137
0.497089
0.4967
0.495531
0.495452
0.495277
0.495077
0.494969
0.494742
0.494675
0.493666
0.493241
0.493176
0.492331
0.491917
0.491718
0.491133
0.49073
0.490001
0.489226
0.488937
0.488413
0.488221
0.488032
0.487125
0.487116
0.486741
0.486501
0.48555
0.483362
0.482746
0.482121
0.482103
0.481977
0.481816
0.480974
0.480829
0.480211
0.478152
0.477922
0.477249
0.477145
0.476693
0.475917
0.475717
0.475675
0.475645
0.475422
0.47536
0.474241
0.473871
0.473225
0.472827
0.472422
0.472313
0.471858
0.47174
0.471626
0.470958
0.470773
0.470698
0.470374
0.470018
0.469852
0.469852
0.469575
0.469328
0.469004
0.468327
0.468167
0.467949
0.467913
0.467794
0.46713
0.466437
0.466123
0.465994
0.465047
0.464571
0.464514
0.464455
0.464375
0.464183
0.463831
0.463744
0.463685
0.463074
0.462815
0.461341
0.460677
0.460598
0.460537
0.460329
0.459735
0.459571
0.459299
0.459157
0.459058
0.459052
0.458854
0.458529
0.458204
0.458
0.457816
0.457523
0.457516
0.457481
0.456632
0.456566
0.456258
0.455857
0.455365
0.454453
0.454403
0.454402
0.454397
0.453414
0.452592
0.452576
0.451056
0.450296
0.450168
0.449868
0.449725
0.448923
0.448803
0.44825
0.447052
0.44653
0.446054
0.445464
0.444214
0.443735
0.442889
0.441801
0.441555
0.441484
0.440077
0.43985
0.43981
0.437304
0.437065
0.436042
0.435376
0.435319
0.434843
0.434381
0.434125
0.433917
0.433854
0.433401
0.43308
0.432922
0.432202
0.431721
0.430533
0.430096
0.430034
0.430007
0.42984
0.429698
0.428777
0.428558
0.428309
0.4281
0.42791
0.427906
0.426994
0.426706
0.426535
0.426447
0.426417
0.426281
0.426263
0.426238
0.42623
0.426011
0.425323
0.425185
0.425125
0.424634
0.424592
0.424457
0.424404
0.424343
0.424163
0.424011
0.423254
0.422785
0.42264
0.422542
0.422185
0.420475
0.419613
0.419272
0.41908
0.418583
0.41856
0.418522
0.418245
0.418061
0.417569
0.41744
0.416804
0.416761
0.416658
0.416347
0.416239
0.415982
0.414675
0.41459
0.414403
0.414052
0.413741
0.413272
0.412547
0.412416
0.410832
0.410525
0.410107
0.410084
0.410036
0.409543
0.409445
0.409338
0.408796
0.408583
0.407104
0.406899
0.405964
0.40544
0.405277
0.405255
0.403724
0.40344
0.402685
0.402347
0.401557
0.400856
0.399101
0.399019
0.398763
0.398662
0.398432
0.398088
0.398046
0.397717
0.397114
0.397057
0.396601
0.39616
0.39567
0.395549
0.395499
0.39506
0.394424
0.394405
0.39372
0.393398
0.393045
0.39255
0.392462
0.391545
0.390587
0.390007
0.389892
0.389862
0.389644
0.389612
0.389602
0.389175
0.388977
0.388505
0.388474
0.388166
0.38815
0.387458
0.38745
0.387417
0.386657
0.386328
0.386
0.385916
0.385272
0.384444
0.384115
0.383964
0.383827
0.383813
0.383568
0.383317
0.383023
0.382876
0.38241
0.382337
0.38222
0.381551
0.381386
0.381308
0.380666
0.380657
0.378843
0.377124
0.375929
0.375739
0.375701
0.374944
0.374887
0.374778
0.374492
0.374487
0.373406
0.373222
0.372819
0.372753
0.372622
0.372598
0.371466
0.370657
0.370558
0.370446
0.369832
0.369669
0.369528
0.369351
0.369111
0.369066
0.368535
0.368423
0.368376
0.36809
0.367965
0.367951
0.36652
0.366226
0.365609
0.36548
0.365315
0.364764
0.364207
0.364014
0.363748
0.363669
0.363606
0.363501
0.363026
0.36269
0.361943
0.361833
0.361426
0.360078
0.359753
0.359473
0.359447
0.358335
0.357749
0.357433
0.356341
0.355987
0.355455
0.354565
0.354564
0.354168
0.35363
0.353548
0.353359
0.353243
0.35299
0.352622
0.351647
0.351319
0.350976
0.350803
0.349643
0.34944
0.349355
0.349156
0.34905
0.34778
0.347405
0.346533
0.346284
0.3459
0.345181
0.345128
0.34512
0.344277
0.344274
0.344226
0.344159
0.34394
0.343822
0.343126
0.342952
0.34243
0.342027
0.341275
0.340511
0.340501
0.340026
0.339526
0.339505
0.339386
0.339039
0.338876
0.338359
0.337568
0.337506
0.33722
0.336988
0.336525
0.336159
0.336137
0.336116
0.33605
0.335641
0.335611
0.335594
0.335317
0.335053
0.334974
0.334812
0.334624
0.333923
0.333451
0.332846
0.332378
0.332121
0.331744
0.330194
0.329496
0.329262
0.328656
0.328617
0.328551
0.328015
0.327772
0.327588
0.326872
0.325797
0.32566
0.32549
0.325106
0.325072
0.324893
0.324716
0.324658
0.324568
0.324481
0.324331
0.324057
0.323951
0.323874
0.323685
0.322987
0.322805
0.32238
0.32184
0.321778
0.321198
0.320993
0.320131
0.320015
0.319949
0.319477
0.319436
0.319298
0.318959
0.318253
0.317885
0.317153
0.316732
0.316654
0.316603
0.316334
0.316326
0.315737
0.315176
0.314563
0.313918
0.31265
0.311591
0.311547
0.311463
0.31129
0.311117
0.311066
0.310481
0.310344
0.310335
0.309836
0.309515
0.3091
0.308976
0.308935
0.307513
0.306554
0.306433
0.30629
0.305491
0.30534
0.305235
0.304661
0.304652
0.303733
0.303484
0.302758
0.301984
0.300825
0.300017
0.298822
0.298752
0.298175
0.298119
0.298068
0.297109
0.297102
0.297008
0.296735
0.296713
0.296475
0.296333
0.296171
0.29546
0.29514
0.294731
0.29321
0.292287
0.292063
0.291964
0.291735
0.291498
0.29116
0.291146
0.290882
0.290667
0.290528
0.290421
0.290001
0.289931
0.289578
0.289323
0.288918
0.288404
0.288326
0.287931
0.286712
0.286678
0.286145
0.285634
0.285281
0.285213
0.28503
0.285001
0.284988
0.284667
0.284446
0.284119
0.283891
0.283661
0.282015
0.281619
0.281575
0.281316
0.281281
0.28122
0.281031
0.280535
0.280494
0.27939
0.279284
0.278665
0.278664
0.278271
0.278247
0.277826
0.277044
0.276803
0.275561
0.275351
0.275326
0.275253
0.275048
0.27477
0.274065
0.27394
0.273596
0.27297
0.272915
0.272894
0.272772
0.272435
0.272233
0.271853
0.271502
0.271102
0.271046
0.270402
0.270307
0.269883
0.269684
0.269093
0.268932
0.2685
0.268276
0.268156
0.267841
0.267507
0.267473
0.267455
0.267049
0.266518
0.266484
0.265995
0.265639
0.265453
0.265184
0.265076
0.264767
0.264503
0.264443
0.263328
0.262878
0.262646
0.262543
0.262527
0.262411
0.2624
0.262329
0.2623
0.261787
0.261435
0.26142
0.26139
0.261059
0.26059
0.260406
0.260108
0.259385
0.259215
0.259106
0.25799
0.25791
0.257563
0.25698
0.256947
0.25573
0.255708
0.254879
0.254812
0.254359
0.254292
0.254104
0.253951
0.253883
0.253659
0.253554
0.253381
0.253318
0.252716
0.251759
0.251687
0.251296
0.250882
0.249847
0.249685
0.249535
0.249309
0.249175
0.249055
0.248531
0.248177
0.247947
0.247768
0.247385
0.247274
0.247249
0.246728
0.246213
0.246181
0.244908
0.244494
0.243112
0.242467
0.242355
0.242172
0.241542
0.240908
0.240889
0.240836
0.240209
0.240059
0.23995
0.239736
0.23798
0.237342
0.237276
0.237175
0.237146
0.237064
0.236884
0.23648
0.236045
0.235995
0.235283
0.235177
0.234936
0.234844
0.234836
0.234403
0.234352
0.23427
0.233723
0.233712
0.233318
0.232755
0.231939
0.231742
0.230895
0.230856
0.230148
0.230017
0.229726
0.228858
0.228132
0.228063
0.226965
0.226595
0.226569
0.22655
0.226478
0.226414
0.226383
0.226212
0.225687
0.225377
0.224941
0.224798
0.224796
0.224769
0.223743
0.223145
0.222852
0.222638
0.222553
0.222469
0.222291
0.222214
0.221141
0.22096
0.220939
0.220904
0.220443
0.22042
0.220111
0.219612
0.219541
0.218683
0.218222
0.218105
0.217964
0.217452
0.217133
0.216966
0.216411
0.215976
0.215522
0.215338
0.214865
0.214508
0.214019
0.214007
0.213681
0.213189
0.213095
0.213007
0.21283
0.212574
0.212537
0.21241
0.212188
0.211597
0.211523
0.211171
0.21096
0.210675
0.210374
0.210289
0.209806
0.209689
0.209675
0.209531
0.209148
0.208897
0.20859
0.208327
0.207989
0.207698
0.206675
0.205719
0.205524
0.205376
0.205007
0.204628
0.204514
0.204165
0.204034
0.20381
0.203775
0.203727
0.202912
0.202576
0.201434
0.20093
0.200811
0.200173
0.199592
0.199132
0.199047
0.198686
0.198013
0.197492
0.197422
0.196907
0.196881
0.195999
0.195398
0.195199
0.19501
0.194659
0.194345
0.194075
0.193969
0.193864
0.193772
0.19365
0.193393
0.192129
0.191777
0.191242
0.190669
0.190612
0.190294
0.190133
0.189628
0.189523
0.189245
0.189173
0.188827
0.18844
0.187756
0.187609
0.187318
0.187115
0.186751
0.18634
0.185446
0.185015
0.184823
0.184661
0.184264
0.183918
0.183594
0.183094
0.182819
0.182257
0.18201
0.182002
0.181774
0.1815
0.18146
0.181396
0.181089
0.180813
0.180287
0.179195
0.179069
0.177822
0.176871
0.176861
0.176849
0.176778
0.176585
0.176107
0.175913
0.175033
0.174917
0.17488
0.174519
0.174476
0.174223
0.173663
0.173365
0.172991
0.172676
0.172579
0.172533
0.172532
0.172011
0.171705
0.170893
0.170333
0.17023
0.169347
0.169343
0.169248
0.168949
0.168766
0.168739
0.16863
0.168464
0.168346
0.168312
0.167771
0.167036
0.167007
0.166859
0.166678
0.166424
0.166151
0.165613
0.165273
0.165188
0.164935
0.164848
0.164839
0.164821
0.164651
0.164474
0.164342
0.164329
0.164229
0.163713
0.163375
0.162842
0.16187
0.161817
0.161723
0.161706
0.16165
0.161548
0.16152
0.161509
0.16053
0.160311
0.160204
0.159509
0.15949
0.159388
0.158939
0.158846
0.158806
0.158752
0.158565
0.157421
0.157366
0.156496
0.156329
0.156002
0.155638
0.15494
0.154835
0.154574
0.153568
0.15353
0.153382
0.153315
0.153166
0.153007
0.152514
0.152259
0.151814
0.151812
0.151098
0.150577
0.149947
0.1493
0.148663
0.148231
0.147631
0.147568
0.146235
0.14617
0.145986
0.145891
0.14586
0.145843
0.145709
0.145585
0.14503
0.144783
0.144762
0.144097
0.143924
0.14375
0.143627
0.143615
0.14358
0.143435
0.143166
0.143153
0.142033
0.141936
0.14151
0.141177
0.141175
0.140617
0.140433
0.14035
0.140255
0.140181
0.140155
0.139876
0.139506
0.139239
0.139154
0.138546
0.138075
0.138001
0.13773
0.13771
0.137691
0.137043
0.136843
0.136521
0.136426
0.135521
0.135449
0.13437
0.134366
0.133924
0.133899
0.133811
0.132802
0.132799
0.132718
0.132006
0.131655
0.131599
0.131409
0.130929
0.130689
0.130528
0.129369
0.129018
0.128809
0.128677
0.127846
0.127705
0.127281
0.127162
0.126124
0.125732
0.125478
0.125053
0.12469
0.124399
0.124208
0.123943
0.123855
0.123182
0.123111
0.122812
0.12248
0.121665
0.12141
0.121238
0.120984
0.120655
0.120543
0.120356
0.120356
0.120352
0.120352
0.120195
0.119604
0.11902
0.118782
0.118338
0.118336
0.118305
0.11829
0.117645
0.117361
0.116833
0.116413
0.116285
0.116149
0.116093
0.115438
0.115435
0.114997
0.114708
0.114063
0.113782
0.11375
0.113195
0.113141
0.113117
0.113107
0.11295
0.112585
0.11232
0.112267
0.111851
0.111235
0.1111
0.111098
0.11075
0.110661
0.110601
0.110211
0.10995
0.109943
0.109527
0.108197
0.108177
0.108141
0.107543
0.107542
0.107377
0.107331
0.106737
0.106137
0.105736
0.10494
0.104927
0.104797
0.104763
0.104118
0.103862
0.103328
0.103087
0.102602
0.101879
0.101075
0.100871
0.100607
0.100312
0.100212
0.100153
0.100106
0.100046
0.0998064
0.0994965
0.0992721
0.0985523
0.0979323
0.0975462
0.0971934
0.0968784
0.0965123
0.0958665
0.095698
0.0952596
0.0950846
0.0949394
0.0946584
0.094616
0.0944063
0.0940686
0.0939021
0.0936383
0.0931923
0.0931273
0.0926258
0.0921648
0.0915487
0.0907662
0.0899927
0.0899535
0.0894106
0.0892995
0.0891939
0.0884229
0.0882467
0.0875066
0.0874757
0.0872267
0.0868276
0.0867422
0.0867241
0.0866464
0.0865286
0.0865027
0.0863828
0.0860815
0.0846571
0.084531
0.0838467
0.0834576
0.0832849
0.0831607
0.0830138
0.0829437
0.0827149
0.0817842
0.0816814
0.0813639
0.0810171
0.080908
0.0804062
0.0803387
0.0793256
0.0790432
0.0774089
0.0771926
0.0763731
0.0752589
0.0750436
0.0748268
0.0747408
0.0746471
0.0740509
0.0739086
0.0732259
0.0730802
0.0730155
0.0729975
0.0725698
0.072459
0.0719021
0.0718766
0.0716133
0.0714878
0.0709581
0.0703315
0.0698051
0.0694985
0.0662929
0.0662847
0.0658804
0.0650677
0.064206
0.0635375
0.06323
0.0630274
0.0628395
0.0627589
0.0626194
0.0624534
0.06196
0.0616542
0.0610988
0.0606382
0.059739
0.0596797
0.0591583
0.0590554
0.058833
0.0582841
0.058091
0.0578089
0.0575433
0.0571134
0.0570025
0.0564217
0.056173
0.0561475
0.0559326
0.0557963
0.0554199
0.0553629
0.0551965
0.0550845
0.05508
0.0544382
0.0541735
0.0541313
0.0538828
0.0538775
0.0536895
0.0534491
0.0534153
0.0528538
0.0525852
0.0513647
0.0507114
0.0507004
0.0506154
0.0503946
0.0500017
0.0499511
0.0497662
0.0497621
0.0491294
0.0491088
0.0489905
0.0487938
0.0487813
0.0486644
0.0475619
0.0468338
0.0468194
0.0465187
0.046212
0.0460666
0.0456882
0.0452566
0.0446506
0.0443858
0.0443417
0.0437119
0.0436549
0.0436353
0.043198
0.042888
0.0423087
0.042184
0.04202
0.0418167
0.0415442
0.0415188
0.0407843
0.0404872
0.0403341
0.0403089
0.0395317
0.0395297
0.0393507
0.0392451
0.0387412
0.0387373
0.0385586
0.0383752
0.038043
0.0375382
0.0374302
0.037126
0.0365241
0.0361478
0.0359351
0.0356157
0.0351759
0.035015
0.0349823
0.0349596
0.0349449
0.0339305
0.0331237
0.0324491
0.0320739
0.0311722
0.0309812
0.0309515
0.0301001
0.0289981
0.0283301
0.0279559
0.0272509
0.026753
0.026222
0.0261508
0.0261415
0.0259323
0.0258357
0.0255992
0.0251557
0.0245431
0.0243339
0.0241356
0.0235935
0.0231415
0.0229806
0.022853
0.0228137
0.0223817
0.0221368
0.0214735
0.0208833
0.0205694
0.0205411
0.0203311
0.0199249
0.0198838
0.019529
0.0194096
0.0189409
0.0187759
0.0180438
0.0175718
0.0174946
0.0163387
0.0162337
0.0157212
0.0155174
0.0149475
0.0141841
0.0140471
0.0133718
0.0110629
0.0107838
0.0106791
0.0105287
0.0105035
0.010496
0.0102054
0.00917179
0.00893079
0.00863363
0.00822213
0.00795204
0.00733457
0.00711804
0.00684254
0.00630425
0.00534665
0.00531464
0.00492192
0.00451156
0.00440221
0.00414409
0.00375501
0.00311035
0.00286275
0.00268338
0.00185776
0.00100126
0.000754732
0.000625911
0.00045671
0.000416328
0.0
0.0
0.0
0.0
0.0
0.0
0.0
0
0
0
0
0
0
0
0
0
0
0
0
0
0
0
0
0
0
0
0
0
0
0
0
0
0
0
0
0
0
0
0
0
0
0
0
0
0
0
0
0
0
0
0
0
0
0
0
0
0
0
0
0
0
0
0
0
0
0
0
0
0
0
0
0
0
0
0
0
0
0
0
0
0
0
0
0
0
0
0
0
0
0
0
0
0
0
0
0
0
0
0
0
0
0
0
0
0
0
0
0
0
0
0
0
0
0
0
0
0
0
0
0
0
0
0
0
0
0
0
0
0
0
0
0
0
0
0
0
0
0
0
0
0
0
0
0
0
0
0
0
0
0
0
0
0
0
0
0
0
0
0
0
0
0
0
0
0
0
0
0
0
0
0
0
0
0
0
0
0
0
0
0
0
0
0
0
0
0
0
0
0
0
0
0
0
0
0
0
0
0
0
0
0
0
0
0
0
0
0
0
0
0
0
0
0
0
0
0
0
0
0
0
0
0
0
0
0
0
0
0
0
0
0
0
0
0
0
0
0
0
0
0
0
0
0
0
0
0
0
0
0
0
0
0
0
0
0
0
0
0
0
0
0
0
0
0
0
0
0
0
0
0
0
0
0
0
0
0
0
0
0
0
0
0
0
0
0
0
0
0
0
0
0
0
0
0
0
0
0
0
0
0
0
0
0
0
0
0
0
0
0
0
0
0
0
0
0
0
0
0
0
0
0
0
0
0
0
0
0
0
0
0
0
0
0
0
0
0
0
0
0
0
0
0
0
0
0
0
0
0
0
0
0
0
0
0
0
0
0
0
0
0
0
0
0
0
0
0
0
0
0
0
0
0
0
0
0
0
0
0
0
0
0
0
0
0
0
0
0
0
0
0
0
0
0
0
0
0
0
0
0
0
0
0
0
0
0
0
0
0
0
0
0
0
0
0
0
0
0
0
0
0
0
0
0
0
0
0
0
0
0
0
0
0
0
0
0
0
0
0
0
0
0
0
0
0
0
0
0
0
0
0
0
0
0
0
0
0
0
0
0
0
0
0
0
0
0
0
0
0
0
0
0
0
0
0
0
0
0
0
0
0
0
0
0
0
0
0
0
0
0
0
0
0
0
0
0
0
0
0
0
0
0
0
0
0
0
0
0
0
0
0
0
0
0
0
0
0
0
0
0
0
0
0
0
0
0
0
0
0
0
0
0
0
0
0
0
0
0
0
0
0
0
0
0
0
0
0
0
0
0
0
0
0
0
0
0
0
0
0
0
0
0
0
0
0
0
0
0
0
0
0
0
0
0
0
0
0
0
0
0
0
0
0
0
0
0
0
0
0
0
0
0
0
0
0
0
0
0
0
0
0
0
0
0
0
0
0
0
0
0
0
0
0
0
0
0
0
0
0
0
0
0
0
0
0
0
0
0
0
0
0
0
0
0
0
0
0
0
0
0
0
0
0
0
0
0
0
0
0
0
0
0
0
0
0
0
0
0
0
0
0
0
0
0
0
0
0
0
0
0
0
0
0
0
0
0
0
0
0
0
0
0
0
0
0
0
0
0
0
0
0
0
0
0
0
0
0
0
0
0
0
0
0
0
0
0
0
0
0
0
0
0
0
0
0
0
0
0
0
0
0
0
0
0
0
0
0
0
0
0
0
0
0
0
0
0
0
0
0
0
0
0
0
0
0
0
0
0
0
0
0
0
0
0
0
0
0
0
0
0
0
0
0
0
0
0
0
0
0
0
0
0
0
0
0
0
0
0
0
0
0
-8.59336
-7.96132
-7.61428
-7.29512
-7.18442e-05
-6.98294
-6.92171
-6.90061
-6.82519
-6.73999
-6.61798
-6.58709
-6.57382
-6.53938
-6.31535
-6.31058
-6.26015
-6.20969
-6.17823
-6.10413
-6.09484
-6.01825
-5.99054
-5.96298
-5.954
-5.90246
-5.89
-5.88769
-5.88384
-5.84115
-5.81273
-5.79863
-5.77197
-5.75935
-5.67644
-5.60365
-5.60078
-5.56401
-5.53287
-5.50882
-5.49759
-5.48311
-5.42914
-5.42388
-5.39331
-5.38702
-5.35443
-5.34998
-5.33903
-5.28551
-5.27407
-5.24544
-5.2277
-5.22431
-5.21446
-5.19954
-5.18306
-5.17839
-5.13524
-5.09984
-5.07537
-5.05417
-5.0538
-5.05038
-5.03027
-5.0296
-5.01542
-5.00748
-5.00516
-4.9675
-4.9675
-4.92427
-4.92408
-4.91281
-4.90871
-4.89029
-4.8551
-4.85433
-4.8395
-4.8287
-4.82544
-4.82454
-4.81195
-4.80174
-4.80065
-4.79713
-4.79581
-4.79313
-4.74962
-4.74168
-4.73125
-4.70335
-4.70215e-05
-4.68822
-4.65999
-4.65321
-4.64716
-4.64257
-4.61857
-4.57785
-4.57525
-4.57459
-4.5722
-4.56612
-4.53122
-4.53099
-4.51481
-4.51107
-4.47554
-4.47354
-4.47259
-4.45379
-4.44743
-4.44149
-4.42533
-4.40742
-4.39548
-4.37088
-4.35654
-4.35238
-4.34501
-4.33838
-4.32281
-4.29981
-4.29774
-4.29312
-4.28825
-4.28812
-4.2852
-4.27747
-4.27747
-4.27513
-4.25655
-4.2538
-4.25103
-4.24662
-4.24053
-4.23974
-4.23674
-4.22233
-4.21208
-4.20037
-4.19561
-4.19514
-4.18343
-4.17028
-4.16389
-4.14862
-4.13755
-4.13754
-4.11512
-4.11363
-4.1096
-4.10897
-4.09828
-4.08498
-4.07848
-4.07468
-4.05585
-4.05414
-4.04985
-4.03874
-4.01174
-3.99919
-3.99842
-3.99508
-3.99215
-3.97102
-3.9645
-3.9326
-3.91461
-3.90077
-3.88846
-3.88231
-3.88133
-3.87297
-3.87097
-3.86392
-3.85884
-3.84702
-3.84508
-3.83723
-3.81576
-3.80159
-3.79486
-3.78475
-3.78034
-3.774
-3.77346
-3.76823
-3.7676
-3.76653
-3.7664
-3.75233
-3.75177
-3.74644
-3.74568
-3.73901
-3.71685
-3.70594
-3.70489
-3.69126
-3.69115
-3.68143
-3.66078
-3.65442
-3.65085
-3.64339
-3.63188
-3.63187
-3.631
-3.60859
-3.60825
-3.60445
-3.59298
-3.58054
-3.57854
-3.57666
-3.56678
-3.55471
-3.55404
-3.54617
-3.54344
-3.53571
-3.53566
-3.53272
-3.52075
-3.51322
-3.51261
-3.51016
-3.51016
-3.5044
-3.48542
-3.48275
-3.47422
-3.47291
-3.47252
-3.46689
-3.46606
-3.46464
-3.46285
-3.45495
-3.45007
-3.44156
-3.4371
-3.437
-3.4304
-3.42967
-3.4214
-3.42125
-3.42048
-3.41312
-3.39176
-3.39131
-3.39102
-3.3814
-3.38137
-3.37888
-3.37806
-3.37776
-3.37189
-3.35789
-3.35135
-3.3503
-3.3474
-3.32594
-3.31813
-3.31094
-3.30055
-3.29985
-3.29931
-3.29785
-3.29555
-3.28672
-3.28443
-3.28334
-3.28077
-3.27908
-3.26083
-3.25874
-3.25809
-3.25801
-3.24944
-3.2406
-3.23784
-3.23255
-3.22975
-3.22677
-3.22255
-3.21199
-3.20409
-3.20215
-3.19636
-3.19469
-3.19393
-3.19231
-3.18889
-3.16659
-3.16575
-3.16515
-3.1613
-3.15665
-3.15303
-3.15124
-3.14504
-3.14365
-3.13773
-3.13604
-3.13327
-3.13287
-3.13158
-3.13128
-3.12833
-3.12118
-3.1134
-3.1094
-3.10934
-3.10923
-3.10891
-3.10669
-3.10647
-3.09812
-3.09471
-3.09266
-3.08988
-3.08551
-3.08334
-3.07471
-3.05573
-3.02964
-3.02524
-3.01701
-3.0153
-3.00961
-2.99801
-2.99033
-2.98714
-2.98256
-2.97869
-2.9733
-2.97075
-2.96994
-2.96575
-2.96532
-2.95815
-2.95343
-2.94955
-2.94365
-2.94258
-2.92878
-2.92558
-2.92004
-2.90918
-2.90614
-2.90398
-2.90365
-2.902
-2.89645
-2.89592
-2.89388
-2.88782
-2.88612
-2.88193
-2.86487
-2.86378
-2.86327
-2.86203
-2.86151
-2.85594
-2.8529
-2.85217
-2.84677
-2.8396
-2.83843
-2.83805
-2.83721
-2.83141
-2.82247
-2.81192
-2.80823
-2.80676
-2.7994
-2.79929
-2.78477
-2.78288
-2.77754
-2.77112
-2.76524
-2.76492
-2.76153
-2.75825
-2.75514
-2.75237
-2.75232
-2.74649
-2.74395
-2.73587
-2.73348
-2.71507
-2.71423
-2.71229
-2.7116
-2.70858
-2.70417
-2.70017
-2.6982
-2.69679
-2.69416
-2.69299
-2.69025
-2.68887
-2.68212
-2.68065
-2.6781
-2.67706
-2.67207
-2.66899
-2.6589
-2.65855
-2.65
-2.64972
-2.63973
-2.63685
-2.63225
-2.62858
-2.62505
-2.62142
-2.62142
-2.62115
-2.61912
-2.61857
-2.61578
-2.61391
-2.61328
-2.61123
-2.61032
-2.60656
-2.60338
-2.6019
-2.60183
-2.60114
-2.60036
-2.5998
-2.59294
-2.58732
-2.58624
-2.58168
-2.57214
-2.5517
-2.5482
-2.54243
-2.53763
-2.53325
-2.5282
-2.52811
-2.52519
-2.52506
-2.51753
-2.51686
-2.51288
-2.50302
-2.50059
-2.49995
-2.49586
-2.49557
-2.48765
-2.48261
-2.47632
-2.47397
-2.47345
-2.47022
-2.46938
-2.46698
-2.45975
-2.4572
-2.45701
-2.45355
-2.45157
-2.4444
-2.44179
-2.44161
-2.44134
-2.43813
-2.43041
-2.426
-2.41696
-2.4066
-2.40263
-2.39851
-2.39115
-2.38335
-2.3818
-2.38156
-2.37304
-2.37011
-2.36961
-2.36945
-2.36679
-2.36627
-2.36326
-2.35845
-2.35617
-2.35405
-2.35153
-2.35037
-2.34976
-2.34974
-2.34408
-2.34357
-2.33511
-2.33083
-2.32582
-2.32299
-2.32214
-2.31969
-2.31727
-2.31597
-2.3106
-2.31048
-2.30035
-2.29836
-2.29497
-2.29287
-2.29153
-2.28354
-2.28351
-2.28067
-2.27688
-2.27323
-2.27313
-2.27095
-2.2684
-2.26559
-2.26472
-2.2641
-2.26048
-2.25904
-2.25314
-2.25237
-2.24234
-2.24044
-2.2402
-2.23997
-2.23399
-2.23203
-2.23113
-2.22852
-2.22682
-2.22149
-2.22075
-2.22026
-2.22017
-2.21908
-2.21731
-2.21395
-2.2137
-2.21326
-2.21114
-2.21035
-2.2065
-2.20541
-2.20185
-2.20015
-2.19975
-2.199
-2.19626
-2.19563
-2.17804
-2.17631
-2.17328
-2.17172
-2.16048
-2.1602
-2.15985
-2.15355
-2.14782
-2.14777
-2.14618
-2.14091
-2.13914
-2.13876
-2.13633
-2.13603
-2.13187
-2.12854
-2.12716
-2.12657
-2.126
-2.12575
-2.12164
-2.11998
-2.11761
-2.11504
-2.11219
-2.1116
-2.11012
-2.10823
-2.10604
-2.10557
-2.10534
-2.10526
-2.10225
-2.09867
-2.09338
-2.09177
-2.08931
-2.08928
-2.08661
-2.08589
-2.08187
-2.08043
-2.07853
-2.07801
-2.07595
-2.07324
-2.07067
-2.06457
-2.06306
-2.05535
-2.05397
-2.05293
-2.04983
-2.04722
-2.04679
-2.04634
-2.04092
-2.03949
-2.03296
-2.02824
-2.02659
-2.02548
-2.01803
-2.01675
-2.01338
-2.00923
-2.00637
-2.00206
-1.99919
-1.99299
-1.99058
-1.98828
-1.98293
-1.98015
-1.97787
-1.97614
-1.97611
-1.9752
-1.9742
-1.97337
-1.97017
-1.96616
-1.96363
-1.96292
-1.95462
-1.95395
-1.95386
-1.95262
-1.94932
-1.94809
-1.9444
-1.94213
-1.94137
-1.94056
-1.93962
-1.9349
-1.92462
-1.92315
-1.90972
-1.90878
-1.90877
-1.90645
-1.89918
-1.89763
-1.89424
-1.89253
-1.88939
-1.88531
-1.88394
-1.88386
-1.88339
-1.88306
-1.88
-1.87582
-1.87201
-1.86792
-1.86782
-1.86259
-1.86202
-1.86024
-1.86003
-1.85865
-1.85813
-1.85352
-1.85255
-1.85147
-1.84988
-1.84943
-1.84902
-1.84886
-1.84572
-1.84405
-1.84328
-1.83958
-1.83888
-1.83775
-1.83751
-1.83603
-1.8352
-1.83158
-1.82998
-1.8293
-1.82547
-1.82462
-1.82398
-1.82072
-1.82043
-1.81904
-1.81773
-1.81746
-1.81232
-1.80772
-1.80675
-1.80613
-1.80608
-1.80404
-1.80251
-1.79769e+308
-1.79769e+308
-1.79769e+308
-1.79769e+308
-1.79769e+308
-1.79769e+308
-1.79769e+308
-1.79769e+308
-1.79769e+308
-1.79769e+308
-1.79769e+308
-1.79769e+308
-1.79769e+308
-1.79769e+308
-1.79769e+308
-1.79769e+308
-1.79769e+308
-1.79769e+308
-1.79769e+308
-1.79769e+308
-1.79769e+308
-1.79769e+308
-1.79769e+308
-1.79769e+308
-1.79769e+308
-1.79769e+308
-1.79769e+308
-1.79769e+308
-1.79769e+308
-1.79769e+308
-1.79769e+308
-1.79769e+308
-1.79769e+308
-1.79769e+308
-1.79769e+308
-1.79769e+308
-1.79769e+308
-1.79769e+308
-1.79769e+308
-1.79769e+308
-1.79769e+308
-1.79769e+308
-1.79769e+308
-1.79769e+308
-1.79769e+308
-1.79769e+308
-1.79769e+308
-1.79769e+308
-1.79769e+308
-1.79769e+308
-1.79769e+308
-1.79769e+308
-1.79769e+308
-1.79769e+308
-1.79769e+308
-1.79769e+308
-1.79769e+308
-1.79769e+308
-1.79769e+308
-1.79769e+308
-1.79769e+308
-1.79769e+308
-1.79769e+308
-1.79769e+308
-1.79769e+308
-1.79769e+308
-1.79769e+308
-1.79769e+308
-1.79769e+308
-1.79769e+308
-1.79769e+308
-1.79769e+308
-1.79769e+308
-1.79769e+308
-1.79769e+308
-1.79769e+308
-1.79769e+308
-1.79769e+308
-1.79769e+308
-1.79769e+308
-1.79769e+308
-1.79769e+308
-1.79769e+308
-1.79769e+308
-1.79769e+308
-1.79769e+308
-1.79769e+308
-1.79769e+308
-1.79769e+308
-1.79769e+308
-1.79769e+308
-1.79769e+308
-1.79769e+308
-1.79769e+308
-1.79769e+308
-1.79769e+308
-1.79769e+308
-1.79769e+308
-1.79769e+308
-1.79769e+308
-1.79769e+308
-1.79769e+308
-1.79769e+308
-1.79769e+308
-1.79769e+308
-1.79769e+308
-1.79769e+308
-1.79769e+308
-1.79769e+308
-1.79769e+308
-1.79769e+308
-1.79769e+308
-1.79769e+308
-1.79769e+308
-1.79769e+308
-1.79769e+308
-1.79769e+308
-1.79769e+308
-1.79769e+308
-1.79769e+308
-1.79769e+308
-1.79769e+308
-1.79769e+308
-1.79769e+308
-1.79769e+308
-1.79769e+308
-1.79769e+308
-1.79769e+308
-1.79769e+308
-1.79769e+308
-1.79769e+308
-1.79769e+308
-1.79769e+308
-1.79769e+308
-1.79769e+308
-1.79769e+308
-1.79769e+308
-1.79769e+308
-1.79769e+308
-1.79769e+308
-1.79769e+308
-1.79769e+308
-1.79769e+308
-1.79769e+308
-1.79769e+308
-1.79769e+308
-1.79769e+308
-1.79769e+308
-1.79769e+308
-1.79769e+308
-1.79769e+308
-1.79769e+308
-1.79769e+308
-1.79769e+308
-1.79769e+308
-1.79769e+308
-1.79769e+308
-1.79769e+308
-1.79769e+308
-1.79769e+308
-1.79769e+308
-1.79769e+308
-1.79769e+308
-1.79769e+308
-1.79769e+308
-1.79769e+308
-1.79769e+308
-1.79769e+308
-1.79769e+308
-1.79769e+308
-1.79769e+308
-1.79769e+308
-1.79769e+308
-1.79769e+308
-1.79769e+308
-1.79769e+308
-1.79769e+308
-1.79769e+308
-1.79769e+308
-1.79769e+308
-1.79769e+308
-1.79769e+308
-1.79769e+308
-1.79769e+308
-1.79769e+308
-1.79769e+308
-1.79769e+308
-1.79769e+308
-1.79769e+308
-1.79769e+308
-1.79769e+308
-1.79769e+308
-1.79769e+308
-1.79769e+308
-1.79769e+308
-1.79769e+308
-1.79769e+308
-1.79769e+308
-1.79769e+308
-1.79769e+308
-1.79769e+308
-1.79769e+308
-1.79769e+308
-1.79769e+308
-1.79769e+308
-1.79769e+308
-1.79769e+308
-1.79769e+308
-1.79769e+308
-1.79769e+308
-1.79769e+308
-1.79769e+308
-1.79769e+308
-1.79769e+308
-1.79769e+308
-1.79769e+308
-1.79769e+308
-1.79769e+308
-1.79769e+308
-1.79769e+308
-1.79769e+308
-1.79769e+308
-1.79769e+308
-1.79769e+308
-1.79769e+308
-1.79769e+308
-1.79769e+308
-1.79769e+308
-1.79769e+308
-1.79769e+308
-1.79769e+308
-1.79769e+308
-1.79769e+308
-1.79769e+308
-1.79769e+308
-1.79769e+308
-1.79769e+308
-1.79769e+308
-1.79769e+308
-1.79769e+308
-1.79769e+308
-1.79769e+308
-1.79769e+308
-1.79769e+308
-1.79769e+308
-1.79769e+308
-1.79769e+308
-1.79769e+308
-1.79769e+308
-1.79769e+308
-1.79769e+308
-1.79769e+308
-1.79769e+308
-1.79769e+308
-1.79769e+308
-1.79769e+308
-1.79769e+308
-1.79769e+308
-1.79769e+308
-1.79769e+308
-1.79769e+308
-1.79769e+308
-1.79769e+308
-1.79769e+308
-1.79769e+308
-1.79769e+308
-1.79769e+308
-1.79769e+308
-1.79769e+308
-1.79769e+308
-1.79769e+308
-1.79769e+308
-1.79769e+308
-1.79769e+308
-1.79769e+308
-1.79769e+308
-1.79769e+308
-1.79769e+308
-1.79769e+308
-1.79769e+308
-1.79769e+308
-1.79769e+308
-1.79769e+308
-1.79769e+308
-1.79769e+308
-1.79769e+308
-1.79769e+308
-1.79769e+308
-1.79769e+308
-1.79769e+308
-1.79769e+308
-1.79769e+308
-1.79769e+308
-1.79769e+308
-1.79769e+308
-1.79769e+308
-1.79769e+308
-1.79769e+308
-1.79769e+308
-1.79769e+308
-1.79769e+308
-1.79769e+308
-1.79769e+308
-1.79769e+308
-1.79769e+308
-1.79769e+308
-1.79769e+308
-1.79769e+308
-1.79769e+308
-1.79769e+308
-1.79769e+308
-1.79769e+308
-1.79769e+308
-1.79769e+308
-1.79769e+308
-1.79769e+308
-1.79769e+308
-1.79769e+308
-1.79769e+308
-1.79769e+308
-1.79769e+308
-1.79769e+308
-1.79769e+308
-1.79769e+308
-1.79769e+308
-1.79769e+308
-1.79769e+308
-1.79769e+308
-1.79769e+308
-1.79769e+308
-1.79769e+308
-1.79769e+308
-1.79769e+308
-1.79769e+308
-1.79769e+308
-1.79769e+308
-1.79769e+308
-1.79769e+308
-1.79769e+308
-1.79769e+308
-1.79769e+308
-1.79769e+308
-1.79769e+308
-1.79769e+308
-1.79769e+308
-1.79769e+308
-1.79769e+308
-1.79769e+308
-1.79769e+308
-1.79769e+308
-1.79769e+308
-1.79769e+308
-1.79769e+308
-1.79769e+308
-1.79769e+308
-1.79769e+308
-1.79769e+308
-1.79769e+308
-1.79769e+308
-1.79769e+308
-1.79769e+308
-1.79769e+308
-1.79769e+308
-1.79769e+308
-1.79769e+308
-1.79769e+308
-1.79769e+308
-1.79769e+308
-1.79769e+308
-1.79769e+308
-1.79769e+308
-1.79769e+308
-1.79769e+308
-1.79769e+308
-1.79769e+308
-1.79769e+308
-1.79769e+308
-1.79769e+308
-1.79769e+308
-1.79769e+308
-1.79769e+308
-1.79769e+308
-1.79769e+308
-1.79769e+308
-1.79769e+308
-1.79769e+308
-1.79769e+308
-1.79769e+308
-1.79769e+308
-1.79769e+308
-1.79769e+308
-1.79769e+308
-1.79769e+308
-1.79769e+308
-1.79769e+308
-1.79769e+308
-1.79769e+308
-1.79769e+308
-1.79769e+308
-1.79769e+308
-1.79769e+308
-1.79769e+308
-1.79769e+308
-1.79769e+308
-1.79769e+308
-1.79769e+308
-1.79769e+308
-1.79769e+308
-1.79769e+308
-1.79769e+308
-1.79769e+308
-1.79769e+308
-1.79769e+308
-1.79769e+308
-1.79769e+308
-1.79769e+308
-1.79769e+308
-1.79769e+308
-1.79769e+308
-1.79769e+308
-1.79769e+308
-1.79769e+308
-1.79769e+308
-1.79769e+308
-1.79769e+308
-1.79769e+308
-1.79769e+308
-1.79769e+308
-1.79769e+308
-1.79769e+308
-1.79769e+308
-1.79769e+308
-1.79769e+308
-1.79769e+308
-1.79769e+308
-1.79769e+308
-1.79769e+308
-1.79769e+308
-1.79769e+308
-1.79769e+308
-1.79769e+308
-1.79769e+308
-1.79769e+308
-1.79769e+308
-1.79769e+308
-1.7923
-1.79221
-1.79139
-1.7909
-1.78867
-1.78693
-1.78581
-1.78339
-1.78261
-1.78221
-1.7812
-1.77948
-1.77682
-1.7764
-1.77437
-1.77049
-1.76821
-1.76692
-1.75762
-1.7558
-1.75547
-1.75449
-1.75311
-1.75245
-1.75104
-1.74975
-1.74944
-1.74896
-1.74673
-1.74638
-1.74632
-1.7463
-1.74572
-1.7427
-1.73811
-1.73564
-1.73378
-1.7294
-1.72377
-1.72269
-1.72137
-1.72044
-1.71863
-1.71462
-1.71377
-1.71311
-1.71224
-1.71093
-1.70581
-1.7045
-1.70261
-1.70203
-1.69853
-1.68686
-1.68565
-1.68208
-1.68146
-1.67904
-1.67735
-1.67322
-1.67065
-1.67054
-1.66993
-1.66946
-1.66771
-1.66536
-1.66442
-1.66299
-1.66261
-1.66251
-1.6614
-1.65628
-1.6559
-1.65432
-1.65352
-1.65295
-1.651
-1.64825
-1.64741
-1.64496
-1.64494
-1.64416
-1.64386
-1.64208
-1.64197
-1.64065
-1.63889
-1.63881
-1.63811
-1.63266
-1.63005
-1.6294
-1.62893
-1.62523
-1.62392
-1.62058
-1.62056
-1.62038
-1.61957
-1.61802
-1.61754
-1.61478
-1.61372
-1.61291
-1.60925
-1.6081
-1.60521
-1.60503
-1.60344
-1.59888
-1.59888
-1.58851
-1.58827
-1.58737
-1.58421
-1.58412
-1.58263
-1.58033
-1.57868
-1.57868
-1.57508
-1.57474
-1.57143
-1.57133
-1.5679
-1.5668
-1.56399
-1.56359
-1.56328
-1.56278
-1.56233
-1.56222
-1.5622
-1.55827
-1.55728
-1.55651
-1.55449
-1.55399
-1.5514
-1.55109
-1.55009
-1.54906
-1.54587
-1.545
-1.54417
-1.54249
-1.54243
-1.54148
-1.54047
-1.53476
-1.53134
-1.53022
-1.52985
-1.52855
-1.52647
-1.52454
-1.51864
-1.51747
-1.51664
-1.51642
-1.51541
-1.51367
-1.51154
-1.51106
-1.50857
-1.50842
-1.50727
-1.50507
-1.5048
-1.50476
-1.50374
-1.50204
-1.50138
-1.49926
-1.49853
-1.49737
-1.49645
-1.49621
-1.49428
-1.49359
-1.4921
-1.4914
-1.49021
-1.48836
-1.486
-1.48542
-1.48433
-1.48139
-1.47943
-1.47925
-1.479
-1.47767
-1.47734
-1.4769
-1.47657
-1.47586
-1.47229
-1.47063
-1.46956
-1.46816
-1.46762
-1.46695
-1.4669
-1.46673
-1.46617
-1.46456
-1.46277
-1.46267
-1.45575
-1.45559
-1.4542
-1.45148
-1.45098
-1.4467
-1.44646
-1.44626
-1.44585
-1.44417
-1.44288
-1.44178
-1.44032
-1.4374
-1.43689
-1.43468
-1.42703
-1.42552
-1.42216
-1.42158
-1.41866
-1.41815
-1.41665
-1.41597
-1.41465
-1.41351
-1.4133
-1.41271
-1.41187
-1.4117
-1.4108
-1.41062
-1.40996
-1.40956
-1.40952
-1.40895
-1.40567
-1.40521
-1.40465
-1.40299
-1.40278
-1.39788
-1.39386
-1.39247
-1.39164
-1.38965
-1.38882
-1.38858
-1.38832
-1.38731
-1.37955
-1.37863
-1.37852
-1.37689
-1.37655
-1.37401
-1.36878
-1.36852
-1.36276
-1.3615
-1.36111
-1.36105
-1.36094
-1.35946
-1.35824
-1.35745
-1.3566
-1.35458
-1.35354
-1.34968
-1.34896
-1.34843
-1.34685
-1.34615
-1.34257
-1.34139
-1.34121
-1.33975
-1.33926
-1.33838
-1.33785
-1.33697
-1.33692
-1.33659
-1.33548
-1.33239
-1.33223
-1.33081
-1.32944
-1.3287
-1.32807
-1.32733
-1.325
-1.3246
-1.32412
-1.32339
-1.32301
-1.3224
-1.32224
-1.32196
-1.32194
-1.32189
-1.32074
-1.32031
-1.31805
-1.31719
-1.31703
-1.31594
-1.31366
-1.31353
-1.31212
-1.31057
-1.30832
-1.30587
-1.30515
-1.30384
-1.30205
-1.30124
-1.29994
-1.2996
-1.29903
-1.29801
-1.29677
-1.29647
-1.29591
-1.2954
-1.29473
-1.29453
-1.29444
-1.29336
-1.29213
-1.29195
-1.2912
-1.28756
-1.28664
-1.28657
-1.28557
-1.27909
-1.27487
-1.27416
-1.27383
-1.27339
-1.27311
-1.27226
-1.27017
-1.27015
-1.26805
-1.26776
-1.26726
-1.26668
-1.26602
-1.2647
-1.26291
-1.2623
-1.26102
-1.2593
-1.25734
-1.25723
-1.25404
-1.25281
-1.25265
-1.2503
-1.2472
-1.24686
-1.24563
-1.24552
-1.24445
-1.24336
-1.24265
-1.24184
-1.23969
-1.23589
-1.23549
-1.23455
-1.23434
-1.23179
-1.2311
-1.23091
-1.22966
-1.2296
-1.22885
-1.21981
-1.21851
-1.21813
-1.21776
-1.21767
-1.21645
-1.21636
-1.21399
-1.21226
-1.21202
-1.2119
-1.20923
-1.20821
-1.20813
-1.20648
-1.20495
-1.20473
-1.20172
-1.20122
-1.20093
-1.20078
-1.19842
-1.19795
-1.19779
-1.19693
-1.19391
-1.19151
-1.19027
-1.18956
-1.18766
-1.18749
-1.18583
-1.18583
-1.18576
-1.18473
-1.1823
-1.17778
-1.1747
-1.17458
-1.17107
-1.17026
-1.16838
-1.16773
-1.16745
-1.1634
-1.16333
-1.16312
-1.16019
-1.16002
-1.15652
-1.15541
-1.15429
-1.15404
-1.15265
-1.14827
-1.14814
-1.14578
-1.14512
-1.14443
-1.14091
-1.14083
-1.13938
-1.13888
-1.13692
-1.13613
-1.13599
-1.13588
-1.13496
-1.13201
-1.13151
-1.13004
-1.12892
-1.1288
-1.12877
-1.12662
-1.12647
-1.12437
-1.12421
-1.12308
-1.12139
-1.12061
-1.11941
-1.11712
-1.11689
-1.11611
-1.11442
-1.11334
-1.11256
-1.11102
-1.11085
-1.10922
-1.10681
-1.10192
-1.10085
-1.09968
-1.09965
-1.09777
-1.09769
-1.09506
-1.09349
-1.09187
-1.08781
-1.08687
-1.08679
-1.08667
-1.08551
-1.08499
-1.08254
-1.08216
-1.08184
-1.07963
-1.07687
-1.07507
-1.07469
-1.07426
-1.07375
-1.07207
-1.07181
-1.07164
-1.06814
-1.06754
-1.06689
-1.06603
-1.06539
-1.06534
-1.06249
-1.062
-1.06089
-1.06081
-1.05994
-1.0598
-1.0582
-1.05616
-1.05425
-1.05356
-1.05196
-1.05142
-1.05108
-1.051
-1.04941
-1.04863
-1.04835
-1.04803
-1.04675
-1.04674
-1.04564
-1.04493
-1.04477
-1.04354
-1.04076
-1.04025
-1.04006
-1.03901
-1.03818
-1.03799
-1.0375
-1.03691
-1.0368
-1.03675
-1.0367
-1.03578
-1.03309
-1.02964
-1.02928
-1.02926
-1.02886
-1.02855
-1.0284
-1.02666
-1.0259
-1.02562
-1.02241
-1.0217
-1.01957
-1.01845
-1.01756
-1.01566
-1.01523
-1.01324
-1.01291
-1.01268
-1.01138
-1.01118
-1.01111
-1.00869
-1.00793
-1.00618
-1.00613
-1.00513
-1.00365
-1.00348
-1.00314
-1.00232
-1.00177
-0.999477
-0.997402
-0.997171
-0.997016
-0.996954
-0.996302
-0.995672
-0.994158
-0.992516
-0.990089
-0.989716
-0.989011
-0.985624
-0.985051
-0.984802
-0.983324
-0.98306
-0.982993
-0.982954
-0.982824
-0.980522
-0.978097
-0.977488
-0.976647
-0.97626
-0.975152
-0.974509
-0.973499
-0.97335
-0.972888
-0.972814
-0.971764
-0.9707
-0.969702
-0.969131
-0.967093
-0.965375
-0.964442
-0.960558
-0.960423
-0.960375
-0.960004
-0.957973
-0.957862
-0.955813
-0.955465
-0.954029
-0.953001
-0.952758
-0.952353
-0.948985
-0.947069
-0.944907
-0.943837
-0.94355
-0.943011
-0.942801
-0.942051
-0.94198
-0.941337
-0.940236
-0.938625
-0.935095
-0.934454
-0.933238
-0.932926
-0.932052
-0.930716
-0.93057
-0.929305
-0.928692
-0.927812
-0.927268
-0.927116
-0.925783
-0.924948
-0.924919
-0.924902
-0.92388
-0.923212
-0.922143
-0.922061
-0.921608
-0.921269
-0.92053
-0.918349
-0.917993
-0.917795
-0.917236
-0.916985
-0.916436
-0.912828
-0.91258
-0.911782
-0.909466
-0.908846
-0.908077
-0.907699
-0.906444
-0.904417
-0.899866
-0.898019
-0.894563
-0.894515
-0.894503
-0.894159
-0.89324
-0.891514
-0.891239
-0.890597
-0.890015
-0.889455
-0.888109
-0.887683
-0.883958
-0.883449
-0.882491
-0.881154
-0.879361
-0.879352
-0.878129
-0.876932
-0.87655
-0.874346
-0.874096
-0.873862
-0.873403
-0.873227
-0.872879
-0.871903
-0.870856
-0.869117
-0.867606
-0.86693
-0.865683
-0.865219
-0.864868
-0.864863
-0.864439
-0.862064
-0.861614
-0.860603
-0.858743
-0.858736
-0.858113
-0.857932
-0.85599
-0.855214
-0.854866
-0.854564
-0.854082
-0.852721
-0.852588
-0.850441
-0.850265
-0.849893
-0.848931
-0.84846
-0.847687
-0.847096
-0.847006
-0.846238
-0.845353
-0.845027
-0.844379
-0.843061
-0.842655
-0.842277
-0.840947
-0.840682
-0.840437
-0.839331
-0.83857
-0.837514
-0.83731
-0.835298
-0.834302
-0.83309
-0.832393
-0.831717
-0.831691
-0.83166
-0.831048
-0.830514
-0.829965
-0.826047
-0.825995
-0.823482
-0.822647
-0.822525
-0.8216
-0.821192
-0.820861
-0.820259
-0.818804
-0.817662
-0.817508
-0.816055
-0.815776
-0.815375
-0.815281
-0.814828
-0.813616
-0.813276
-0.813087
-0.813073
-0.811915
-0.811365
-0.810122
-0.809705
-0.808194
-0.807801
-0.807765
-0.805923
-0.805138
-0.804249
-0.803939
-0.802698
-0.802647
-0.80191
-0.800968
-0.800153
-0.799954
-0.798967
-0.798881
-0.798722
-0.798113
-0.797957
-0.797932
-0.797486
-0.797107
-0.79688
-0.79546
-0.794711
-0.793958
-0.793918
-0.792486
-0.790114
-0.789393
-0.789112
-0.788163
-0.788095
-0.787675
-0.787383
-0.786978
-0.786915
-0.786223
-0.785931
-0.785254
-0.784773
-0.784625
-0.783264
-0.782625
-0.782586
-0.781978
-0.781437
-0.781425
-0.781129
-0.780988
-0.779883
-0.779521
-0.779014
-0.778901
-0.778646
-0.776912
-0.776329
-0.775943
-0.77478
-0.773056
-0.772922
-0.772317
-0.769382
-0.768982
-0.767822
-0.76617
-0.765314
-0.763499
-0.762654
-0.762343
-0.762206
-0.760961
-0.760882
-0.75994
-0.759086
-0.756523
-0.756465
-0.756429
-0.755649
-0.755138
-0.754073
-0.753786
-0.751742
-0.749923
-0.74943
-0.746576
-0.745428
-0.745067
-0.744648
-0.744509
-0.74365
-0.743433
-0.743148
-0.741963
-0.741639
-0.740995
-0.740903
-0.739686
-0.739511
-0.739466
-0.739218
-0.739176
-0.738932
-0.738492
-0.737645
-0.737225
-0.736118
-0.735965
-0.733754
-0.731399
-0.729768
-0.729078
-0.728665
-0.727224
-0.726079
-0.725644
-0.725281
-0.723923
-0.722596
-0.721811
-0.721486
-0.721272
-0.720129
-0.719639
-0.718518
-0.716986
-0.716949
-0.716588
-0.71628
-0.716158
-0.714032
-0.711782
-0.711207
-0.710298
-0.710071
-0.709818
-0.709577
-0.708682
-0.707763
-0.70553
-0.704667
-0.704429
-0.704082
-0.702697
-0.702375
-0.701556
-0.701024
-0.700467
-0.70014
-0.698328
-0.696834
-0.695612
-0.69555
-0.695487
-0.694851
-0.694158
-0.69415
-0.692429
-0.691731
-0.690073
-0.686823
-0.685711
-0.684854
-0.681253
-0.679473
-0.678367
-0.678099
-0.677281
-0.675215
-0.674227
-0.673884
-0.672378
-0.6722
-0.670825
-0.670549
-0.670493
-0.670427
-0.66936
-0.668999
-0.668181
-0.667451
-0.667289
-0.667188
-0.665671
-0.665071
-0.664961
-0.664521
-0.662769
-0.660554
-0.659982
-0.658918
-0.658695
-0.658139
-0.657413
-0.657357
-0.656849
-0.656345
-0.656146
-0.655626
-0.654941
-0.654739
-0.654712
-0.65433
-0.653601
-0.65334
-0.653013
-0.652971
-0.651327
-0.651326
-0.650975
-0.650813
-0.649536
-0.649445
-0.649403
-0.648909
-0.648125
-0.647788
-0.646902
-0.646127
-0.646056
-0.646004
-0.645917
-0.645313
-0.645253
-0.645236
-0.645027
-0.644879
-0.643247
-0.643235
-0.642933
-0.64206
-0.640911
-0.640659
-0.639475
-0.638878
-0.638783
-0.638702
-0.63805
-0.635902
-0.635498
-0.63403
-0.63191
-0.631108
-0.630238
-0.630066
-0.629332
-0.628823
-0.628462
-0.628242
-0.628224
-0.628203
-0.625868
-0.624487
-0.623756
-0.623132
-0.622813
-0.622462
-0.620701
-0.620678
-0.619965
-0.618459
-0.61838
-0.617793
-0.616233
-0.615921
-0.614848
-0.614598
-0.614517
-0.614277
-0.614036
-0.613944
-0.612476
-0.612369
-0.612314
-0.61178
-0.611621
-0.61131
-0.611179
-0.610773
-0.610034
-0.60984
-0.608836
-0.608092
-0.607653
-0.607396
-0.607227
-0.607119
-0.607011
-0.606761
-0.606367
-0.606061
-0.605919
-0.605915
-0.605735
-0.605588
-0.604604
-0.603771
-0.603412
-0.601878
-0.601255
-0.599656
-0.598456
-0.597812
-0.596524
-0.595334
-0.59524
-0.595228
-0.594734
-0.594597
-0.594365
-0.593151
-0.593024
-0.592285
-0.591927
-0.591702
-0.590943
-0.590291
-0.590111
-0.589919
-0.589742
-0.589517
-0.587665
-0.58676
-0.586002
-0.585162
-0.584897
-0.584832
-0.584088
-0.583602
-0.582411
-0.582313
-0.582151
-0.581073
-0.580935
-0.579108
-0.578185
-0.576903
-0.576639
-0.575742
-0.575607
-0.575251
-0.574307
-0.572609
-0.57165
-0.57029
-0.569797
-0.569731
-0.569591
-0.569161
-0.56906
-0.567489
-0.566941
-0.566583
-0.565851
-0.565458
-0.565359
-0.563785
-0.563132
-0.561957
-0.559998
-0.55871
-0.558454
-0.558385
-0.557264
-0.556716
-0.555769
-0.555641
-0.555281
-0.553257
-0.552749
-0.552417
-0.552023
-0.551676
-0.550835
-0.549826
-0.548824
-0.548224
-0.543833
-0.542987
-0.542733
-0.54195
-0.541567
-0.53983
-0.539753
-0.539657
-0.538866
-0.538656
-0.538256
-0.538046
-0.537759
-0.537391
-0.53731
-0.537037
-0.536652
-0.536122
-0.535638
-0.53533
-0.534179
-0.533826
-0.533537
-0.531635
-0.53107
-0.530182
-0.529465
-0.52897
-0.528134
-0.527857
-0.527583
-0.527384
-0.526988
-0.526913
-0.525375
-0.524145
-0.523864
-0.523825
-0.522691
-0.522244
-0.521965
-0.52136
-0.520984
-0.520977
-0.520508
-0.518728
-0.518603
-0.518158
-0.517639
-0.51652
-0.516519
-0.516234
-0.516028
-0.515829
-0.51526
-0.514393
-0.513935
-0.513576
-0.513444
-0.512485
-0.512367
-0.512218
-0.512204
-0.511796
-0.511738
-0.511518
-0.511404
-0.51085
-0.510157
-0.509749
-0.509749
-0.509665
-0.509283
-0.509079
-0.507729
-0.506689
-0.506224
-0.506031
-0.505694
-0.505507
-0.504544
-0.503965
-0.503648
-0.503193
-0.503031
-0.50256
-0.501289
-0.49994
-0.499616
-0.498928
-0.498804
-0.498397
-0.498294
-0.497884
-0.497537
-0.4964
-0.496378
-0.496112
-0.495407
-0.49532
-0.495305
-0.495217
-0.494655
-0.49452
-0.493677
-0.493484
-0.493168
-0.492069
-0.491173
-0.490652
-0.490331
-0.490248
-0.489858
-0.487862
-0.486962
-0.486894
-0.486784
-0.485959
-0.485429
-0.484237
-0.484041
-0.483483
-0.481026
-0.480829
-0.480798
-0.479473
-0.478928
-0.477815
-0.477601
-0.475769
-0.474977
-0.474349
-0.473053
-0.472745
-0.47219
-0.47198
-0.471942
-0.47185
-0.469942
-0.469122
-0.468934
-0.468814
-0.467086
-0.466511
-0.466279
-0.466066
-0.464458
-0.464146
-0.463931
-0.462788
-0.462293
-0.461696
-0.461336
-0.460548
-0.460003
-0.459523
-0.458842
-0.458396
-0.457481
-0.457385
-0.457208
-0.456919
-0.456169
-0.455566
-0.455483
-0.45505
-0.45484
-0.454005
-0.453972
-0.453345
-0.453179
-0.452733
-0.451972
-0.45057
-0.450336
-0.449611
-0.449375
-0.44927
-0.448757
-0.448621
-0.448309
-0.448016
-0.447542
-0.447071
-0.446466
-0.444718
-0.444464
-0.443974
-0.441699
-0.441434
-0.441034
-0.440909
-0.440677
-0.439891
-0.439303
-0.439206
-0.439004
-0.438594
-0.438185
-0.437756
-0.436983
-0.436951
-0.436512
-0.436179
-0.435823
-0.435416
-0.435016
-0.434926
-0.434835
-0.434357
-0.434266
-0.433966
-0.433517
-0.433183
-0.432884
-0.431434
-0.43023
-0.429893
-0.4298
-0.428245
-0.42816
-0.427427
-0.42739
-0.427283
-0.42695
-0.425852
-0.425718
-0.425576
-0.425402
-0.424891
-0.423177
-0.422312
-0.421963
-0.421227
-0.420978
-0.420593
-0.42027
-0.420151
-0.419998
-0.419585
-0.417431
-0.415899
-0.415774
-0.415319
-0.414628
-0.413983
-0.413357
-0.413281
-0.413026
-0.412945
-0.412766
-0.411943
-0.411681
-0.411327
-0.410851
-0.410139
-0.410003
-0.409832
-0.408978
-0.40835
-0.408271
-0.407998
-0.407921
-0.407921
-0.407342
-0.406836
-0.40599
-0.405684
-0.40566
-0.405371
-0.404286
-0.404158
-0.403471
-0.403234
-0.402343
-0.401219
-0.400436
-0.399553
-0.398871
-0.398028
-0.397846
-0.397043
-0.396761
-0.395219
-0.394831
-0.394368
-0.394063
-0.391676
-0.391144
-0.391083
-0.389638
-0.389215
-0.388871
-0.388686
-0.38867
-0.38672
-0.386605
-0.386328
-0.386199
-0.385665
-0.383932
-0.383911
-0.383745
-0.383608
-0.383419
-0.382883
-0.382753
-0.382705
-0.381726
-0.380642
-0.380506
-0.38007
-0.379906
-0.379386
-0.379191
-0.379075
-0.377716
-0.37719
-0.376491
-0.376135
-0.37556
-0.375384
-0.375336
-0.374506
-0.374332
-0.372804
-0.371962
-0.371537
-0.37119
-0.371012
-0.370963
-0.370588
-0.370122
-0.369986
-0.369749
-0.368903
-0.368547
-0.368115
-0.367991
-0.367093
-0.366616
-0.366188
-0.366127
-0.365943
-0.365699
-0.365362
-0.364292
-0.364176
-0.364138
-0.36407
-0.363259
-0.363186
-0.362714
-0.362534
-0.362505
-0.361834
-0.361489
-0.361348
-0.360943
-0.360295
-0.360092
-0.359112
-0.358925
-0.35877
-0.358388
-0.357182
-0.35641
-0.355332
-0.354955
-0.354744
-0.354534
-0.353785
-0.353487
-0.353404
-0.353066
-0.35231
-0.352108
-0.352004
-0.351088
-0.350744
-0.350048
-0.34865
-0.347714
-0.346518
-0.346482
-0.346432
-0.346423
-0.346325
-0.346102
-0.345975
-0.345423
-0.344392
-0.343599
-0.343222
-0.343172
-0.342937
-0.342765
-0.341862
-0.341783
-0.340746
-0.340688
-0.339842
-0.339165
-0.33907
-0.33854
-0.338372
-0.338362
-0.33807
-0.337686
-0.335778
-0.335708
-0.335608
-0.335215
-0.334696
-0.334517
-0.333904
-0.333554
-0.333546
-0.333452
-0.331129
-0.331038
-0.330072
-0.330071
-0.329966
-0.32988
-0.329074
-0.328604
-0.327709
-0.327622
-0.327132
-0.326867
-0.326839
-0.326397
-0.326067
-0.325949
-0.325857
-0.324916
-0.32359
-0.323448
-0.322254
-0.32178
-0.321518
-0.321135
-0.32029
-0.319318
-0.319046
-0.318023
-0.317483
-0.317416
-0.31728
-0.316331
-0.315446
-0.31542
-0.31523
-0.31498
-0.314875
-0.31363
-0.313038
-0.313001
-0.31274
-0.311544
-0.310614
-0.309338
-0.309228
-0.309197
-0.308978
-0.30885
-0.307711
-0.306982
-0.306581
-0.306416
-0.304396
-0.303541
-0.303519
-0.30234
-0.302001
-0.301995
-0.301894
-0.301685
-0.301329
-0.300922
-0.30059
-0.299619
-0.298564
-0.298538
-0.298433
-0.298247
-0.297989
-0.297925
-0.297048
-0.296641
-0.295367
-0.293373
-0.292293
-0.292245
-0.291873
-0.29158
-0.291551
-0.291187
-0.291072
-0.290977
-0.290471
-0.289779
-0.288852
-0.288214
-0.288164
-0.287804
-0.287186
-0.286632
-0.286557
-0.286174
-0.285885
-0.285465
-0.28531
-0.285195
-0.283715
-0.283349
-0.28305
-0.28285
-0.2827
-0.282581
-0.282474
-0.282423
-0.282131
-0.281949
-0.281687
-0.281009
-0.280959
-0.280886
-0.278779
-0.278344
-0.278317
-0.278299
-0.278266
-0.278022
-0.277962
-0.276765
-0.276744
-0.276738
-0.276334
-0.276278
-0.275566
-0.27513
-0.274596
-0.273636
-0.273081
-0.272987
-0.271825
-0.270405
-0.270189
-0.269707
-0.269122
-0.268307
-0.267999
-0.266433
-0.265645
-0.265419
-0.265186
-0.264255
-0.263472
-0.262245
-0.262205
-0.262185
-0.261965
-0.261296
-0.261261
-0.261231
-0.261031
-0.260699
-0.260255
-0.259782
-0.258428
-0.258362
-0.257852
-0.257085
-0.257037
-0.256927
-0.256637
-0.256489
-0.256287
-0.256265
-0.255928
-0.255743
-0.255675
-0.255233
-0.255015
-0.254249
-0.254069
-0.254018
-0.253929
-0.253484
-0.253392
-0.253219
-0.252559
-0.251578
-0.251278
-0.250616
-0.250578
-0.250358
-0.250229
-0.249998
-0.249934
-0.249699
-0.249418
-0.24923
-0.248902
-0.248776
-0.248538
-0.247557
-0.247507
-0.247408
-0.247387
-0.246767
-0.246056
-0.245073
-0.245017
-0.244784
-0.244716
-0.24309
-0.242873
-0.242589
-0.242564
-0.24234
-0.242258
-0.241956
-0.241776
-0.241271
-0.241248
-0.240682
-0.239579
-0.239325
-0.238881
-0.236782
-0.236534
-0.23571
-0.234942
-0.234356
-0.233584
-0.23299
-0.232527
-0.232193
-0.231437
-0.23143
-0.231275
-0.231131
-0.230766
-0.230402
-0.230182
-0.229507
-0.229246
-0.229148
-0.228073
-0.228038
-0.227654
-0.227308
-0.227272
-0.227218
-0.227191
-0.22592
-0.224428
-0.224397
-0.224179
-0.223895
-0.223874
-0.22278
-0.222521
-0.222258
-0.22225
-0.222222
-0.221927
-0.221595
-0.221227
-0.220429
-0.219877
-0.218098
-0.218077
-0.217672
-0.217661
-0.217609
-0.217496
-0.217317
-0.217224
-0.21689
-0.21663
-0.215285
-0.215146
-0.21505
-0.213123
-0.212306
-0.212019
-0.211688
-0.211594
-0.211529
-0.211122
-0.210433
-0.21034
-0.210074
-0.209997
-0.209652
-0.208876
-0.208744
-0.208687
-0.208333
-0.208317
-0.208127
-0.207441
-0.206412
-0.206242
-0.206135
-0.205973
-0.205734
-0.205468
-0.204081
-0.203462
-0.203289
-0.203069
-0.202907
-0.202707
-0.202672
-0.200971
-0.200588
-0.200062
-0.199965
-0.199466
-0.199458
-0.198547
-0.198494
-0.198017
-0.197691
-0.197618
-0.197409
-0.197409
-0.197068
-0.196739
-0.196586
-0.196312
-0.196262
-0.195284
-0.195247
-0.193891
-0.19381
-0.193292
-0.193257
-0.192768
-0.192752
-0.19187
-0.191573
-0.189458
-0.18917
-0.18896
-0.188802
-0.188674
-0.187759
-0.187191
-0.186933
-0.186731
-0.186416
-0.186399
-0.186335
-0.186192
-0.186174
-0.183946
-0.183816
-0.183708
-0.183703
-0.182855
-0.182669
-0.182509
-0.182286
-0.18209
-0.182007
-0.181114
-0.181093
-0.180469
-0.179232
-0.178324
-0.17832
-0.178032
-0.177776
-0.176902
-0.176785
-0.176615
-0.176296
-0.175387
-0.174491
-0.174327
-0.174321
-0.174173
-0.173147
-0.172538
-0.172176
-0.171525
-0.171475
-0.171453
-0.17106
-0.171045
-0.170712
-0.169939
-0.169916
-0.16984
-0.169471
-0.168889
-0.168792
-0.167961
-0.167939
-0.167509
-0.166797
-0.166313
-0.166311
-0.165999
-0.165837
-0.165297
-0.165297
-0.164611
-0.163229
-0.162903
-0.16206
-0.161806
-0.161425
-0.160846
-0.160776
-0.160381
-0.16028
-0.160268
-0.160215
-0.16016
-0.159919
-0.159814
-0.159247
-0.15878
-0.158742
-0.15859
-0.158565
-0.158229
-0.158011
-0.157194
-0.15654
-0.156448
-0.156064
-0.15588
-0.154769
-0.154445
-0.153241
-0.152326
-0.151792
-0.151566
-0.151529
-0.151425
-0.151385
-0.151015
-0.150708
-0.150087
-0.15007
-0.150004
-0.149642
-0.148948
-0.148834
-0.148767
-0.148438
-0.148247
-0.147827
-0.147771
-0.147466
-0.146727
-0.146505
-0.146316
-0.146143
-0.145878
-0.145664
-0.145348
-0.144862
-0.144334
-0.144088
-0.143463
-0.143089
-0.143007
-0.142267
-0.141928
-0.141708
-0.140334
-0.140237
-0.140137
-0.139401
-0.138956
-0.138615
-0.138521
-0.137822
-0.136929
-0.13675
-0.136725
-0.135601
-0.135373
-0.134442
-0.132846
-0.132741
-0.131637
-0.131481
-0.131122
-0.131118
-0.130643
-0.130319
-0.129333
-0.129205
-0.129156
-0.129084
-0.1289
-0.128055
-0.127516
-0.127038
-0.125946
-0.125788
-0.125724
-0.125009
-0.124263
-0.124179
-0.123837
-0.123455
-0.122747
-0.12216
-0.121488
-0.121265
-0.120904
-0.119879
-0.119559
-0.119431
-0.119388
-0.119354
-0.118771
-0.118757
-0.117791
-0.11752
-0.11713
-0.116521
-0.116362
-0.11613
-0.11578
-0.1153
-0.114607
-0.114329
-0.114161
-0.114042
-0.113979
-0.113554
-0.113067
-0.113001
-0.112836
-0.112155
-0.111005
-0.110729
-0.110628
-0.110243
-0.110071
-0.109716
-0.109645
-0.109219
-0.108014
-0.107757
-0.107437
-0.107292
-0.107208
-0.106474
-0.10636
-0.104907
-0.104678
-0.104317
-0.103509
-0.103464
-0.103047
-0.102976
-0.102011
-0.101682
-0.101614
-0.101294
-0.101025
-0.100217
-0.0999512
-0.0990622
-0.0990312
-0.0989819
-0.0985192
-0.0982619
-0.0980296
-0.0973285
-0.097161
-0.0945485
-0.0945009
-0.0941663
-0.094022
-0.0937253
-0.0936591
-0.0925447
-0.0922048
-0.0920396
-0.0920333
-0.091972
-0.0918531
-0.0912667
-0.0909704
-0.0908197
-0.0906769
-0.0905482
-0.0904469
-0.0893283
-0.0893062
-0.0891405
-0.0889009
-0.0883501
-0.088061
-0.0878236
-0.0875153
-0.0860449
-0.0859749
-0.0855373
-0.0852477
-0.085224
-0.0849075
-0.084888
-0.0847989
-0.0842845
-0.083828
-0.0832649
-0.0828054
-0.082417
-0.0823926
-0.0818848
-0.0816619
-0.0813642
-0.080755
-0.080696
-0.0806322
-0.0803068
-0.0799418
-0.079688
-0.0782288
-0.0781667
-0.0777344
-0.0775264
-0.0773727
-0.0771425
-0.0770914
-0.0770316
-0.0769727
-0.0767914
-0.0767735
-0.0764946
-0.0751525
-0.0736361
-0.0734245
-0.0731209
-0.0728887
-0.0728666
-0.072745
-0.0725418
-0.0724064
-0.0713827
-0.0712521
-0.0708078
-0.070369
-0.0690451
-0.0689223
-0.0680285
-0.0679962
-0.0679042
-0.0676408
-0.066908
-0.0666325
-0.0661885
-0.0660807
-0.065861
-0.0649549
-0.0649174
-0.0643473
-0.0642545
-0.064036
-0.0638006
-0.063629
-0.0635206
-0.0633837
-0.0631168
-0.0622105
-0.0621433
-0.0620295
-0.0618216
-0.0614727
-0.0610575
-0.0603866
-0.0599146
-0.0598502
-0.0596169
-0.0586724
-0.058621
-0.058303
-0.0575874
-0.0573468
-0.0566482
-0.0560666
-0.0558367
-0.0556382
-0.0553042
-0.0548171
-0.0546722
-0.0543355
-0.0539168
-0.0538064
-0.0529351
-0.0524403
-0.0511384
-0.0505533
-0.0500574
-0.0499915
-0.0487898
-0.048724
-0.048009
-0.0475329
-0.0471902
-0.0469541
-0.046455
-0.046089
-0.0458876
-0.0450564
-0.0443986
-0.0443057
-0.0440889
-0.044016
-0.0429374
-0.0425708
-0.0424683
-0.0423738
-0.0414888
-0.0412132
-0.0406055
-0.0401713
-0.0395051
-0.0392244
-0.0391964
-0.038946
-0.0387896
-0.0387749
-0.0387598
-0.0384454
-0.0374399
-0.0371115
-0.0370761
-0.0369783
-0.0367044
-0.0360281
-0.0350719
-0.0336348
-0.0331912
-0.0328569
-0.0323588
-0.0322879
-0.0321183
-0.0314016
-0.0308411
-0.0302584
-0.0295849
-0.0291615
-0.0287092
-0.0285733
-0.0285467
-0.0284775
-0.0282978
-0.0277682
-0.0272697
-0.0272381
-0.0268879
-0.0267299
-0.0262841
-0.0257916
-0.0256349
-0.0255404
-0.0253821
-0.0252835
-0.0251587
-0.0238905
-0.0232135
-0.0218466
-0.0217401
-0.0216771
-0.0215594
-0.0209914
-0.0207541
-0.020542
-0.0199939
-0.0199692
-0.0199491
-0.019911
-0.019763
-0.0195215
-0.0194669
-0.0191753
-0.0187931
-0.0187627
-0.0184796
-0.0183523
-0.018234
-0.017954
-0.0171343
-0.0166269
-0.016626
-0.0165577
-0.0164852
-0.0164825
-0.0162589
-0.0162432
-0.016198
-0.0161762
-0.0153145
-0.0150813
-0.0148489
-0.0148191
-0.0145443
-0.0141075
-0.0131442
-0.0127815
-0.0127154
-0.0117181
-0.011681
-0.0115118
-0.0113414
-0.0111606
-0.0109847
-0.0109753
-0.0109617
-0.0100022
-0.00864334
-0.0085277
-0.00843801
-0.00815364
-0.00750777
-0.00665459
-0.00650547
-0.00633768
-0.00532585
-0.00531209
-0.00499014
-0.00488983
-0.00457452
-0.00446399
-0.00426503
-0.00414028
-0.00398133
-0.00245085
-0.00211297
-0.00135489
-0.00125786
-0.00113342
-0.00092337
-0.000772253
-0.000523187
